-1.0,0.5731037351742911,0.5589804655052231,0.20802485778308777,0.8949670732875553
-0.998,0.5723811785892877,0.5585749102169859,0.2089093119784617,0.8944950027995014
-0.996,0.5715372861085973,0.558175005097565,0.20984942837792875,0.8937648531312972
-0.994,0.5708971376200784,0.5578512384925818,0.2106545204073371,0.8931656805414222
-0.992,0.5701213745371388,0.557491379257405,0.21157889198549626,0.89263531211951
-0.99,0.5693346856212047,0.5570372555370025,0.21252525595112656,0.8920846550877101
-0.988,0.5686415960918886,0.5567301485701046,0.21336690741273867,0.8913400493571866
-0.986,0.5679900518352535,0.5563354489595191,0.21422695209845774,0.8907104189912955
-0.984,0.5672033832268399,0.5559898450624896,0.21508808590171027,0.8901585033008388
-0.982,0.5664710901166506,0.5555273911303806,0.21604415323904547,0.8896219790354338
-0.98,0.5657809191124146,0.5551767625972124,0.21694126065960045,0.8891284744912799
-0.978,0.5651467196232414,0.5546938353922599,0.21777978857927413,0.8883978998594722
-0.976,0.564345319016604,0.5543716810419692,0.21864838875259954,0.8878338789122567
-0.974,0.5637029067209883,0.5540909932232513,0.21958154303987137,0.8874048831025481
-0.972,0.5631042784263232,0.5536630293608552,0.22044753830709612,0.8868279874608792
-0.97,0.5623282653116288,0.5532671648793657,0.22135539158844597,0.8861322638713688
-0.968,0.5615185763555309,0.5529604696544667,0.2221750305339001,0.8856429284934504
-0.966,0.5609425730521275,0.5523979454820553,0.22304677830012143,0.8849607882406468
-0.964,0.5602430887735944,0.5520969333416509,0.2239574016187318,0.88438472894168
-0.962,0.5595127629571787,0.5516718954661594,0.2248060768362214,0.8838556666428874
-0.96,0.558794835180167,0.5513624920242489,0.22566630289310396,0.883177069321772
-0.958,0.5581006900572064,0.5509962140657395,0.22656909414116125,0.8826709488342868
-0.956,0.5573889017510686,0.550640433990956,0.22740036119775958,0.8820371992533784
-0.954,0.5567924772784779,0.5501844767943248,0.22824167382868046,0.8815629092356824
-0.952,0.5559627437823558,0.5498265353597771,0.22916466286340206,0.8809720162937014
-0.95,0.555325662634858,0.549455215830748,0.22998605993627372,0.8804377777596137
-0.948,0.5545689190295449,0.5490117677868717,0.2308865880649798,0.8796011424161525
-0.946,0.5540324664720727,0.5486197271314476,0.2317028392541982,0.8791870066326504
-0.944,0.5532220975511399,0.5482374504990258,0.23258378614321437,0.8786462838274284
-0.942,0.5525441207550452,0.5478554953061517,0.2334519062418498,0.8779123287720637
-0.94,0.5518182333107636,0.5474420011948774,0.2343174447843498,0.8772125157217863
-0.938,0.5512134735703696,0.5470952699792541,0.23510450904826774,0.8769314926966951
-0.936,0.5505410205190179,0.5468442430400445,0.235964634711856,0.8762147510562193
-0.934,0.549710548010054,0.5464765749543973,0.23685212064112593,0.8757992755247963
-0.932,0.5491374976942467,0.5460320186762377,0.2377594350923628,0.8752256773674658
-0.93,0.5484796626711255,0.5455806629453835,0.2385925752445087,0.8744789323667402
-0.928,0.5476918292223545,0.5452485137461501,0.23942779075161738,0.8741769682412976
-0.926,0.5470789916081539,0.544931543242806,0.24025142795503165,0.8736729223067943
-0.924,0.5463244837569081,0.5445564236519369,0.241088770777513,0.872943747162738
-0.922,0.5457688248216239,0.5442070069117793,0.24195531294514533,0.872305545554645
-0.92,0.5450189451392314,0.5436630099525609,0.2427578256679061,0.8717536341985369
-0.918,0.544408780811921,0.543299336732989,0.243642159526628,0.8712788868611449
-0.916,0.5436524686860275,0.5429980617724217,0.24441420008807344,0.8708692557229356
-0.914,0.5430559082241874,0.542657910702995,0.2453095384443516,0.8699666260631966
-0.912,0.5422255398115692,0.5422497811656836,0.24614632301284226,0.8695931055824911
-0.91,0.5417011687059526,0.5417927949718335,0.24695791621094762,0.8690871323713562
-0.908,0.5410374318133865,0.5415382551529208,0.24781882158840593,0.8685445606834815
-0.906,0.5403965152793682,0.5410792447647451,0.2486445243531342,0.8678958810817324
-0.904,0.5396519970175073,0.5406807589186338,0.2494641992192494,0.867330510024465
-0.902,0.5390947990976264,0.54028015270793,0.2502853069026028,0.866673959185612
-0.9,0.5383100336424848,0.5399723903781231,0.2511294877312305,0.8660744048726106
-0.898,0.5375565012660198,0.5396203807903434,0.2520115462055975,0.8658601215983608
-0.896,0.5370427241069897,0.5391444498610786,0.25277189421596075,0.8651420278888178
-0.894,0.5363858352314287,0.53881531898627,0.25360978857715544,0.8644235569482385
-0.892,0.5357838533216426,0.538523321026474,0.2544510290574007,0.8639665315830336
-0.89,0.5350820482821811,0.5380830594531608,0.255248081880111,0.8635783210976565
-0.888,0.5344702839767723,0.5378125512361001,0.25607100770005575,0.8627938718458223
-0.886,0.5337425580668778,0.5373243630682394,0.2568748994197739,0.8622860698682364
-0.884,0.5330961508049415,0.5370524051321517,0.25775860972136594,0.8617685519237374
-0.882,0.5324811832187462,0.5364159241808462,0.25851604272793927,0.861248373911417
-0.88,0.5318362807165795,0.5361562848045085,0.25927176050735895,0.8606824616187039
-0.878,0.5310764644870939,0.5357749883238877,0.2601578715831165,0.8601680018202889
-0.876,0.5304318228572303,0.5354252993793932,0.2609748516083447,0.8595055228558062
-0.874,0.5297800236382442,0.5351246710820661,0.2617277075644955,0.8591940694173718
-0.872,0.5292030211095969,0.5348236038605219,0.2626013690156173,0.8585377465185228
-0.87,0.5284879249895311,0.5342588057426186,0.2633985219115776,0.8579184370983863
-0.868,0.5278250491653302,0.5339226009027417,0.26419297179151274,0.8575383257711718
-0.866,0.5271839740532356,0.5335228250774143,0.2650288007923857,0.8568935161089425
-0.864,0.5266452252810987,0.5332336545779947,0.26583316811526086,0.8563237769848395
-0.862,0.5259849749458447,0.5328419084513478,0.2666135310046558,0.8557854051219912
-0.86,0.5251914631110695,0.5323642682618349,0.26744185133609755,0.8552515050562464
-0.858,0.5247101430320984,0.5320918417769045,0.26823229217847994,0.8548240332567097
-0.856,0.5240023446421987,0.5317604064537366,0.2690149934352957,0.8542699947705477
-0.854,0.5233526609253222,0.5312139441478713,0.26975868962710103,0.8536330101232149
-0.852,0.5227119956925937,0.5309169827647109,0.2705711392483072,0.8530208264538366
-0.85,0.5220436781106319,0.5305618106870271,0.27143764885368826,0.8525113105622724
-0.848,0.5214812934729851,0.5302102003881933,0.27221503282085924,0.8520518722122855
-0.846,0.5208892435629996,0.5297236703239022,0.27299837909186564,0.8514119781544534
-0.844,0.5202649166737612,0.5294302101641135,0.2737392236011606,0.8508917654643059
-0.842,0.5196053494524453,0.529026041854996,0.2745628712292264,0.850544710456573
-0.84,0.5189285966987058,0.5287090098969084,0.2753580175158062,0.8498224260888902
-0.838,0.5184001577023277,0.528262671049616,0.2761706863104407,0.8491836105378521
-0.836,0.517702322436588,0.5280349148864926,0.27694152043306053,0.8488397457424135
-0.834,0.5170653790240582,0.5275827039457505,0.27776807638499346,0.8482713206795595
-0.832,0.5164412484422796,0.5272239325915772,0.27852919970698176,0.8477956944666422
-0.83,0.5157553090951296,0.5268218677202178,0.2793331485431789,0.8473252991561251
-0.828,0.5150800829069208,0.526500266590123,0.2801114306199097,0.8467104988681935
-0.826,0.5145702614448923,0.5260651010462408,0.28089937693196476,0.8462266612823617
-0.824,0.5137503327239586,0.5257248889892174,0.2816964615514882,0.8457303928422928
-0.822,0.5131699663754888,0.5252839723127184,0.2823658517969028,0.8451367987356918
-0.82,0.5125929985440497,0.5248432651262007,0.283218085567719,0.8445667270285426
-0.818,0.5119887286719899,0.5246678013775898,0.28390218153238056,0.8440032743517439
-0.816,0.5114531625587913,0.5241917183561547,0.2847019186488261,0.843570116323554
-0.814,0.5108061405414508,0.5237623949622571,0.28552131411661014,0.8430565332356922
-0.812,0.5101681449141635,0.5234473423940667,0.28627000923713325,0.8424656646231138
-0.81,0.5096020917822675,0.5230875951944405,0.2870719488002462,0.8421923573655403
-0.808,0.5089650822465879,0.5225938298428969,0.28785516556295515,0.8414897328164411
-0.806,0.508277620725839,0.5222586929008765,0.28857373358814814,0.8410033134367736
-0.804,0.5077274249986736,0.5219564749894448,0.2893366684623598,0.84039276980465
-0.802,0.5071106396704946,0.5216588062559074,0.29014132471717613,0.839845638520325
-0.8,0.5064664306424854,0.5212603173569001,0.2908914811960581,0.8395045179569031
-0.798,0.5058576002315656,0.5207993709915214,0.2916628426828688,0.8388729488034431
-0.796,0.5052221432224013,0.5205567559885463,0.29240766156486114,0.8383464023896636
-0.794,0.5046146089419054,0.520130193176362,0.29316656161644317,0.837867679278794
-0.792,0.503957874612975,0.5197812967517553,0.2939404473710572,0.8374515600411946
-0.79,0.503455000456692,0.5193883433863454,0.29467336762517254,0.836883718877598
-0.788,0.5028454688446974,0.5189083082856263,0.2954362882572028,0.8362781545600317
-0.786,0.5023431304149201,0.5186617462718713,0.296177598602974,0.8360619256031259
-0.784,0.5016623268228266,0.5182969867341382,0.2969591860845267,0.8352350765022203
-0.782,0.5009901400847091,0.5178696018231063,0.2977076636246281,0.8348285653130566
-0.78,0.5003355439744197,0.5175066111872647,0.29849542637780513,0.8342964288659843
-0.778,0.4996917206523276,0.5171551053608108,0.2992763088127567,0.8338372098884771
-0.776,0.49918523874796705,0.5168148004609636,0.29999250718288967,0.8333726743987165
-0.774,0.4985679581319503,0.5165593715990975,0.30072481050361327,0.8327534386865179
-0.772,0.4978994247919459,0.5161039495097764,0.3014172325384094,0.8321393452782004
-0.77,0.4973994986573348,0.5156392445866363,0.3021802604978974,0.8315737636997417
-0.768,0.49676347097413204,0.5152712455511783,0.3030140290082574,0.8311200846996066
-0.766,0.49618133655129426,0.5149819896184208,0.30371399741693883,0.8307074402866776
-0.764,0.49557602864017447,0.5145124812237034,0.3044561675797435,0.8302798802946942
-0.762,0.49505801870672606,0.5142966468378101,0.30515929064944264,0.8296401338557563
-0.76,0.4943412111130475,0.513863140601138,0.3059216295637469,0.8291584342540707
-0.758,0.493757053959249,0.5134658690217042,0.3066011254457302,0.8286510797236255
-0.756,0.49320250272687044,0.5131128640987708,0.3074162539655972,0.8280513535234554
-0.754,0.4925872442136071,0.5126261072684934,0.30816582228984957,0.8277328556948143
-0.752,0.4920851880961077,0.5124458934614543,0.30887196278391504,0.8272519416187551
-0.75,0.49145730615693173,0.5119507882296925,0.3096549443426429,0.8267366505941396
-0.748,0.4907985918937331,0.5116772211467706,0.31035186135409265,0.826126207473099
-0.746,0.49025583696484243,0.5112331189640534,0.3110302776335695,0.8257929458252039
-0.744,0.48960708479574533,0.5109848267555854,0.3118180871324259,0.8250195792726546
-0.742,0.48923070544694985,0.5105801038608622,0.31250758118957245,0.8246130570583419
-0.74,0.4884797681002874,0.5100741571743213,0.31326553882330266,0.8241422751960173
-0.738,0.48790818418669907,0.5098540711751145,0.3140255127737571,0.8237307682942873
-0.736,0.4873181100761603,0.5094820975884616,0.3147129112699878,0.8231504997032151
-0.734,0.4868522727808026,0.509048725529056,0.3154305992255368,0.8228008407504751
-0.732,0.4862224804258421,0.5087306096395008,0.3162020862171092,0.8220884880690817
-0.73,0.48561084406661165,0.5082885975222972,0.3168789058623948,0.8217181881334827
-0.728,0.4849896234350385,0.5079152167411836,0.3175936747417004,0.8212360505375017
-0.726,0.48436840863804226,0.5076812893720197,0.31834699866630534,0.8206203443415875
-0.724,0.483906422738694,0.5072496638228473,0.3190468032285882,0.82012230739382
-0.722,0.48328181131718073,0.5069582747510011,0.3197382926210326,0.8196196847534528
-0.72,0.4826465357786854,0.5065578149653229,0.3204611422472695,0.8193257936650048
-0.718,0.48211314250001996,0.5061342987464224,0.32120191375973794,0.8186419516217727
-0.716,0.48157270332012886,0.5057961166120233,0.3219710694264006,0.8183244453453065
-0.714,0.4810707417237434,0.5054452686674974,0.32267450705752104,0.8177216235141702
-0.712,0.48045189833727275,0.5050303344007318,0.3232766253081932,0.817391180668463
-0.71,0.47987128482552643,0.5046824417749008,0.3240356309817639,0.8167737916917855
-0.708,0.47925202731087546,0.504383384279219,0.3248181481613453,0.8160971500358684
-0.706,0.4787771701383864,0.5039612490383296,0.32549209906331716,0.815667872568226
-0.704,0.47803695418620357,0.503630913230545,0.32612164772875196,0.8152975207255546
-0.702,0.4775524652457988,0.5032425224278492,0.32683733929343467,0.8148153492819958
-0.7,0.4769733013290559,0.5029748201745396,0.32756511466648386,0.8142201935560035
-0.698,0.47636592148756035,0.502561255389217,0.3282567484670359,0.8138734020258706
-0.696,0.4758637077083066,0.5021332604860749,0.3289938281600712,0.8132955131327239
-0.694,0.4752839868773181,0.5017601682870412,0.32968865324308,0.8130338078624374
-0.692,0.4746420721119594,0.5014391590860842,0.3304216283739568,0.8124194840480155
-0.69,0.47416851410729793,0.5009593261329384,0.3311317051590903,0.8119075454310053
-0.688,0.4736191078159317,0.5006666834899349,0.33179543567674935,0.811275915781517
-0.686,0.4730107148040458,0.5003203227746577,0.33254982931124877,0.8110064874092586
-0.684,0.4724825893375233,0.5000924794602152,0.3332708035653475,0.810528241275984
-0.682,0.47191728711595654,0.49962431644979627,0.33390799515731884,0.8099609874639968
-0.68,0.47148029001881664,0.4992910600843179,0.3346093706593502,0.8095601277751123
-0.678,0.4707524731872731,0.4988711692349522,0.33535884981392244,0.8089026821629489
-0.676,0.47027440966487083,0.4985820949811867,0.3359668672084751,0.8086433701298551
-0.674,0.46960879581102866,0.4982610863981162,0.3366680577091022,0.80805844878202
-0.672,0.46910382169958437,0.49787544041002063,0.33739558390210467,0.8075604818459502
-0.67,0.4685400667062692,0.497420156507128,0.338057574131338,0.8069401399071061
-0.668,0.46798521293016887,0.4970773956354474,0.3387124085252367,0.8065312398392489
-0.666,0.4674016886369877,0.4966928201269929,0.3394323774028566,0.8061244530586659
-0.664,0.4668515054280168,0.4963859395797504,0.3400734822036463,0.8057343764302055
-0.662,0.46636421208649825,0.49604272060661925,0.3408858248554113,0.8051968646548796
-0.66,0.4658257740428861,0.4956123833222963,0.3414750253531995,0.8047467085617782
-0.658,0.46525127191483473,0.4953532303245635,0.34215524276565995,0.8042274876676959
-0.656,0.4646150577088228,0.4948373411024147,0.3428420815455356,0.8036605652539087
-0.654,0.46413488788058727,0.4946116749756977,0.34359250929592744,0.8033604899174164
-0.652,0.46359587352899095,0.49415833038572093,0.34425773371280777,0.8028604017040976
-0.65,0.4630682822166481,0.49385237175620084,0.3448891497583398,0.8024112598048816
-0.648,0.4625215374044802,0.49343417463760136,0.34554444007075497,0.8019525716257079
-0.646,0.46192488879571336,0.4932562377054855,0.34629084508732677,0.8013250089571388
-0.644,0.4613838419541113,0.49272774774765266,0.34696014002557857,0.8010327374659497
-0.642,0.4607942708961522,0.49244440990452887,0.3476297903382778,0.8003347133067299
-0.64,0.46029750724075347,0.4921221674337852,0.34831879419933903,0.7999015382646107
-0.638,0.45977658108721753,0.4917663642110086,0.3489386520933991,0.7994667725424304
-0.636,0.4592628020619391,0.4914324889719802,0.34961047469241496,0.7989625039536159
-0.634,0.4587228584410838,0.4910418553433041,0.350266826164444,0.798587792985045
-0.632,0.4581986252186113,0.4906174184352091,0.3509553732724079,0.7982381835836686
-0.63,0.4576182178399672,0.4902551040627201,0.3516036212109331,0.7976072998406074
-0.628,0.4570394582267129,0.4899864017995214,0.3523781003073387,0.7972156973133202
-0.626,0.45653231991951676,0.4896111869363454,0.35295373920750656,0.7966168502236249
-0.624,0.45594698542984313,0.489233835478825,0.35360864702310485,0.7961255713252166
-0.622,0.45546190363006017,0.4887609399404047,0.35424149177442743,0.795865852039503
-0.62,0.45498232462360405,0.48856399756067226,0.35503836794003574,0.7954807557834478
-0.618,0.4544137848081401,0.488192847129342,0.355651338454348,0.794863080161731
-0.616,0.45382801912416326,0.4877465762529336,0.3562802773291528,0.794412600348296
-0.614,0.453381582016953,0.4874623847168645,0.3569175090400041,0.7940662211698319
-0.612,0.45272844200044526,0.48712844196903105,0.3575990330168719,0.7934566835780175
-0.61,0.4523398460966817,0.486754134066804,0.358266521357255,0.7932424511100407
-0.608,0.45173007004593585,0.48632181674293634,0.35889497147627364,0.7926663869815884
-0.606,0.4512765446635771,0.48599783534441904,0.3596059879274254,0.7921197747882633
-0.604,0.45063058348332397,0.48567272957598373,0.3602150563669412,0.7916364182060066
-0.602,0.4501758307142646,0.48530799260778845,0.3608942101519613,0.7912843410488746
-0.6,0.44959714583872623,0.48490130457793595,0.3615940288532116,0.7907759466347992
-0.598,0.4491512928064428,0.4846035718681602,0.362182384732572,0.7902912299019288
-0.596,0.4485350885899898,0.48427225284644937,0.362855523000431,0.7899272613685687
-0.594,0.447947963148621,0.48377744119941124,0.36348807886530804,0.7892913456371285
-0.592,0.44754746800451073,0.48355002894312615,0.3641843338358052,0.7889391560434676
-0.59,0.446868304642372,0.48314449952002925,0.36474765543940013,0.7884807351980099
-0.588,0.4464696384961032,0.48293430309734486,0.36542379070748277,0.7881082801635364
-0.586,0.44596086721229405,0.48251038342567193,0.36613011136291573,0.7876038110329218
-0.584,0.4453659061864987,0.4821494961076547,0.3667585975214961,0.7871282494096179
-0.582,0.4448910041770484,0.48180903402771624,0.3674298960370979,0.7864835592769431
-0.58,0.44435060447669716,0.48141207186542345,0.3680651928027646,0.7861192470979925
-0.578,0.44388925171853705,0.4811430165900978,0.36861963577489965,0.785826023312351
-0.576,0.4433902967746051,0.4807180693858406,0.36937956414895207,0.7853327106263208
-0.574,0.4428394940987402,0.4803914717427188,0.3699761693711323,0.7851011339925649
-0.572,0.44224863687622484,0.4800018664801464,0.37058929712659133,0.7843114563518772
-0.57,0.44177290646268697,0.47965539708575183,0.37119486986854816,0.7840540820165836
-0.568,0.4413714576041257,0.4792685598207626,0.3718854615165238,0.7834644300516429
-0.566,0.4407468229445329,0.4789764769205304,0.3724891734589496,0.7830392255064947
-0.564,0.44027271624926967,0.4785703037643055,0.37308316659915997,0.7824768155083079
-0.562,0.43974640667559267,0.47822389314579383,0.3737313800012616,0.782125934128106
-0.56,0.4391887341439797,0.47788941337646645,0.374488391238057,0.7816698355881442
-0.558,0.4386556637348156,0.47758219297941684,0.3750725558627734,0.7812562188055178
-0.556,0.43812039918129503,0.4771874725178898,0.37564301168795483,0.7808667214108576
-0.554,0.4377393845331295,0.4768513795047753,0.3762986345828521,0.7802782002116339
-0.552,0.43719428704860397,0.4765392995814703,0.3769399180751083,0.7799871667339314
-0.55,0.436648953515251,0.47629608762401204,0.3776247666951482,0.7795167851802595
-0.548,0.43614875865534747,0.47587264182367534,0.378118649611066,0.7790600574256669
-0.546,0.43562409009142977,0.4754075587916243,0.37877512469056146,0.7785322847600413
-0.544,0.43521542347626935,0.4751049168152395,0.37950211438995973,0.7780726276095732
-0.542,0.4346308545640758,0.47475745424958976,0.38013291397872306,0.7777880848608164
-0.54,0.43408152753052903,0.4744197310746971,0.38069198926240594,0.7772561203469844
-0.538,0.4336069932590687,0.4739992003842842,0.38137111521539385,0.7766558827429367
-0.536,0.43312120372204077,0.4737570886998393,0.3818998030135494,0.7765218851451345
-0.534,0.4326624855940302,0.47327331526279703,0.3825981263373443,0.775933276618409
-0.532,0.43213373076908324,0.4729056643709588,0.38311419234265226,0.7754565328106288
-0.53,0.43156699071893256,0.4726495553903324,0.38384249815738775,0.7750518710768424
-0.528,0.43113020239351035,0.4723063288305825,0.38439030528381346,0.7747713076909348
-0.526,0.43062220046572564,0.4720813288292582,0.3849708341263484,0.774164769810435
-0.524,0.43004948925313957,0.47163783836541606,0.3856183091016797,0.7736408427845312
-0.522,0.429608163384369,0.47124421445934317,0.38627159272994743,0.7734985894737362
-0.52,0.42916360889429134,0.4708964342450037,0.38688172704441703,0.7730009558985871
-0.518,0.4285718896857319,0.4705700983734689,0.3874964070982918,0.7725122910695719
-0.516,0.4281661201620823,0.4702402171594306,0.3881426134845693,0.7721759739570033
-0.514,0.4276187970337819,0.4699958380920888,0.38874665751309245,0.7715900285456169
-0.512,0.42707361271692507,0.46959077356639717,0.3893831953076587,0.77120618424015
-0.51,0.42667296209293326,0.46924084933646026,0.3899500792914631,0.7706084700786344
-0.508,0.4261483448025209,0.46891409936962736,0.3905882396282379,0.7703488805723275
-0.506,0.42566844082415045,0.46852337236725927,0.3911265038142183,0.7700354212918862
-0.504,0.42515620505244894,0.46820959254337347,0.3918515964175844,0.769586306306107
-0.502,0.42467512856423745,0.46785953773914324,0.3923574579860274,0.7690004397268643
-0.5,0.4241404883002516,0.46762301702368053,0.39297782180601115,0.7686235579827426
-0.498,0.4236669160778665,0.46720125563487286,0.3936145584682005,0.7681337749276497
-0.496,0.42313363132137427,0.4668325509818493,0.39418193260355805,0.7676787772863902
-0.494,0.4226578648107863,0.4664392462410598,0.3946649130787895,0.7673545757619774
-0.492,0.4221260463258913,0.4661136822850558,0.3954650037075183,0.7669543901469031
-0.49,0.4217375931236431,0.46577145865308195,0.39602677257222474,0.7664530243110451
-0.488,0.42124795612459465,0.4654293455298304,0.39664628575148747,0.7660251064027374
-0.486,0.4207213773438605,0.46508924693614606,0.3972112046698959,0.7656328660002854
-0.484,0.4202875129192644,0.4647074259728047,0.3978623881875098,0.7651055331053745
-0.482,0.4198028436254801,0.46436212609871813,0.3984408936109912,0.7649447505376479
-0.48,0.4193232222608581,0.46403299876642135,0.3990521390562464,0.7644664593870526
-0.478,0.41887581193951384,0.46372222894848986,0.39959252345523555,0.7638083154283904
-0.476,0.418267420936249,0.46331993488831114,0.40015877808751393,0.7635175233357295
-0.474,0.4178646960729713,0.46299631593420676,0.40077979111537704,0.7630210884413094
-0.472,0.4173892310798502,0.46263648822542675,0.4014631357456211,0.7627075923479565
-0.47,0.4167828732790825,0.4622756076670942,0.40193155067208153,0.7622117857659414
-0.468,0.4163998536195462,0.46191944917607114,0.40260925426676897,0.7618593619052156
-0.466,0.4158497211364499,0.46159291491257315,0.4031645941816659,0.7611991488299323
-0.464,0.4154550014880083,0.4612782664468267,0.40374708916756985,0.7610027674893097
-0.462,0.414906221706448,0.4609104656184517,0.4043241091430807,0.7605419684909007
-0.46,0.414482540789834,0.46070435272386806,0.4048560602657623,0.7600542346458343
-0.458,0.413983802317749,0.46034923842867265,0.40557748086900347,0.7597270321680002
-0.456,0.4135422682458052,0.45984866834602134,0.406046960930789,0.7592127997801542
-0.454,0.4129970910154879,0.45959416919470436,0.40667646428325277,0.7588031604389978
-0.452,0.4125244860435998,0.4593213571913579,0.40725062026154535,0.7583883166470065
-0.45,0.41214614715224607,0.45896164331532124,0.407797626884815,0.757887890899097
-0.448,0.4116043440180435,0.4585449741714791,0.408416230095194,0.7576520882082254
-0.446,0.41120928508482407,0.4581619289109338,0.4089917006563923,0.757170770475868
-0.444,0.4106115878920261,0.4579022349121754,0.40955743772646575,0.7568370391187598
-0.442,0.4102423887190321,0.457555408288732,0.4101318605297477,0.7565358512827954
-0.44,0.40972939596523317,0.4572079164621637,0.41065851857998725,0.7559330187151225
-0.438,0.40929554831045273,0.4568399482684335,0.4113283285714752,0.755517723849758
-0.436,0.40883200824752486,0.4564851603333747,0.41193108197121364,0.7551087008137709
-0.434,0.40836108850247743,0.4561848580546075,0.4124851547674366,0.7547746559297593
-0.432,0.4078003843862695,0.4557864875855615,0.4130523779833582,0.7543245885088395
-0.43,0.4074246966778537,0.4554717009294755,0.4136240701331301,0.7540118096017215
-0.428,0.40698162651748737,0.45506215817417206,0.4142532715501921,0.7534448035202219
-0.426,0.4064238213316127,0.45487789537123985,0.4147153141781586,0.7531009756168741
-0.424,0.4059958054364727,0.45457395850389276,0.4153966943361993,0.7526197952322775
-0.422,0.4055059735739459,0.4541114030108201,0.41592872369064043,0.7521914381416079
-0.42,0.40506506822393257,0.45380509146770487,0.4164881947304562,0.7519614106005912
-0.418,0.40461993842848853,0.4534540250840865,0.4170277586578965,0.7512442784155636
-0.416,0.40416572276684676,0.4531339775139936,0.417658579452408,0.7509166010003413
-0.414,0.40373225124345075,0.4528612085431921,0.4182440187444882,0.7505305317080476
-0.412,0.4031262452787165,0.45247306562767514,0.4187238451957122,0.7503036795709861
-0.41,0.4027828424600371,0.4521981992304537,0.41937043977059124,0.749722548069718
-0.408,0.4022513895648477,0.451839449010652,0.4199097263060422,0.7494140602027243
-0.406,0.4018463064368469,0.4514848119953525,0.420450391354152,0.7489269610785417
-0.404,0.4013085468797935,0.4511100612816204,0.42098728202161145,0.7486301329081422
-0.402,0.40086086814816424,0.45078156366560207,0.4215807917394283,0.748008361706976
-0.4,0.4004474130874485,0.4504296680282778,0.42217933895635457,0.7476236957043226
-0.398,0.3999983949501661,0.4500334544951148,0.4227288204860534,0.7472332761866026
-0.396,0.3995329366891962,0.44979874780664025,0.42328274869428306,0.7470389494541242
-0.394,0.39908300692601056,0.4493864730381495,0.4237531030481471,0.7464877190255935
-0.392,0.39857222237891793,0.44909303835794645,0.42439117958797407,0.7459200047310697
-0.39,0.39809736932125234,0.44879065792296635,0.424963620325779,0.7456626405675825
-0.388,0.39768587265244765,0.44844281123566976,0.4254509467590273,0.7452301143384398
-0.386,0.3972890917661118,0.4480697827319436,0.4261221587207456,0.7447723427577008
-0.384,0.3967915114936328,0.4477361227661646,0.42658005012442135,0.7443557836590722
-0.382,0.3963220925040439,0.44732184615553877,0.4271477765498935,0.7440566934496793
-0.38,0.3958932289804184,0.4471209791950289,0.4276785427720616,0.7436426089969063
-0.378,0.39539634686822805,0.44684970483373004,0.42824738962509346,0.7432078779494428
-0.376,0.3948833194204714,0.44635151903448167,0.42881698916716776,0.7429762576052539
-0.374,0.3945971338585786,0.4460679100284308,0.42942050029403106,0.742387705660035
-0.372,0.3941870634028068,0.445757421596494,0.429935145440376,0.7420456131212743
-0.37,0.39364954756970694,0.4454419460914544,0.4304400565548011,0.741646817107986
-0.368,0.3932080854496362,0.4451340245153433,0.43095805152191846,0.7412263828749467
-0.366,0.3927623747352813,0.44478624132886224,0.43158659071115074,0.7409880859265848
-0.364,0.39228598121314673,0.4444572121382339,0.4320989239021904,0.7403477038317662
-0.362,0.3918323737482759,0.44416994130794835,0.4326739383914881,0.7399849113534722
-0.36,0.3914073885503193,0.4436797046091437,0.4331876492066369,0.7396907719603832
-0.358,0.3909232717872912,0.4434812695942835,0.43376978878823086,0.7392041296511379
-0.356,0.39049716912718924,0.4431318467030051,0.4343343299525484,0.7389411969391205
-0.354,0.39012625761092273,0.4428038829091909,0.43480471051691855,0.7385526705100931
-0.352,0.3896522767434231,0.44242932885969394,0.43542794777084526,0.7380922433798616
-0.35,0.38919245156439863,0.44204865464917964,0.43593919007717047,0.7377273854954698
-0.348,0.3886864705049228,0.4417918750592618,0.436519899081298,0.7371579109791473
-0.346,0.38828495494643517,0.4414747439862471,0.43703520924217504,0.7369954777564898
-0.344,0.38779085989758655,0.4411178028033975,0.4375569770826966,0.7365736191000224
-0.342,0.38741007352670753,0.4408396553701087,0.43807852978977546,0.7360996720497703
-0.34,0.38694000590394584,0.4405268805533362,0.4386836609432795,0.7358174854592416
-0.338,0.38652417487417756,0.4401499352858604,0.43916161482249966,0.7352588191013815
-0.336,0.38609805592679003,0.43986322370979875,0.4397240451629929,0.7348749239115613
-0.334,0.3856179849724276,0.43947531425299236,0.44021262493187635,0.7346486182188856
-0.332,0.38517599640131667,0.4391736667876171,0.4408182894399021,0.7341546954840555
-0.33,0.38472664493305525,0.4388188792118521,0.44139283402735074,0.7337226437252312
-0.328,0.38433337032058057,0.4384818293291168,0.4418909790182546,0.7334072741844001
-0.326,0.3838501171857272,0.4381911227762322,0.4423749275883358,0.7330872877028471
-0.324,0.3834370217745016,0.43783457951295224,0.4428778012482843,0.7327516311348548
-0.322,0.3829879127123816,0.4374894686096514,0.4434117462059167,0.7321394631533256
-0.32,0.38256955978673834,0.4371196457114167,0.44405483401341245,0.7318303565459531
-0.318,0.38215354268451385,0.43682545894972674,0.44457880429963537,0.7315055879819183
-0.316,0.38167340079670936,0.43650183124228015,0.44505566140026853,0.7310972052050174
-0.314,0.3812208415696973,0.4361352825097582,0.4455638318757219,0.7306445772824114
-0.312,0.3808986633088139,0.43584702812409354,0.44607228475332295,0.730251811056063
-0.31,0.3803594499401668,0.43561272178446864,0.4466951528277958,0.7298382828655466
-0.308,0.3799615225701042,0.4351849006052497,0.4471251212035833,0.7296569763290472
-0.306,0.3795440082049422,0.43487374924137234,0.4477235144401238,0.7290989023560999
-0.304,0.3790769708348314,0.4345236229670191,0.448176477020493,0.7286120509174948
-0.302,0.37865121898135423,0.43423693531215773,0.4486802624774374,0.7284230693588324
-0.3,0.37825760607426173,0.43390173223171496,0.44928895470232183,0.7279718857027495
-0.298,0.3778899650437205,0.4335469302019619,0.4497876847690098,0.7275973603312302
-0.296,0.3773574080277704,0.4332346550586673,0.45028443366074167,0.7272776909431813
-0.294,0.37698476388649443,0.43296808158777833,0.45082026563426186,0.726705812842611
-0.292,0.37654202500617284,0.43258278622627505,0.45125456354835153,0.7264527103532684
-0.29,0.37611249389217155,0.4322703927618158,0.45179129629243653,0.7259270326155242
-0.288,0.37571864031139124,0.4320002128663244,0.45234804224988123,0.7255926615010387
-0.286,0.3752677072545709,0.4316502223846213,0.4529085805293089,0.7253457485748648
-0.284,0.37488107161729256,0.43129228326606944,0.4534150648120831,0.7250118001576616
-0.282,0.3744925552457817,0.4309786495657581,0.453884607149703,0.7244205973287716
-0.28,0.37403704106456737,0.4305816662995707,0.45455074992453365,0.7241994807140493
-0.278,0.37356279934662423,0.430383549909968,0.45491577518630427,0.7237859715635253
-0.276,0.37319388355042754,0.42999103521816373,0.45540892405626787,0.7234321695670306
-0.274,0.3727029320132977,0.42968358486475855,0.45600651570337175,0.723073639887185
-0.272,0.37230978897427763,0.4293420824439604,0.45645630733032666,0.7227497960254796
-0.27,0.3718631853536248,0.4290328766136203,0.4569188510194006,0.7221019023798
-0.268,0.3715439448549574,0.4287798619531986,0.45746301273628315,0.7219146621443859
-0.266,0.37109161641216304,0.4284457501088697,0.45796394487731046,0.7213083561944865
-0.264,0.37061821885536633,0.4281104132554136,0.4584786654858206,0.7210998175452595
-0.262,0.3702151046203422,0.4277389888306381,0.459033251654512,0.7207223719103932
-0.26,0.3697597490582345,0.4274181563662337,0.4595177925059798,0.7202732453274703
-0.258,0.36934951983539815,0.4270466624718307,0.4600350082441977,0.7199150716164697
-0.256,0.3689295806291519,0.42674847830207463,0.46057273913117175,0.719536344098687
-0.254,0.36849350861215385,0.4264394647901325,0.4609935923548999,0.7191850537225903
-0.252,0.3681025826022725,0.4260857590373427,0.4615879820022009,0.7188304411273294
-0.25,0.367712640013676,0.4257965799031948,0.4620691501751663,0.7183986245290552
-0.248,0.3673181292319492,0.4254666259362975,0.4624903144140107,0.7180431483280217
-0.246,0.3669557718541717,0.4251797814921775,0.46302816065060265,0.7177048791620185
-0.244,0.36650058126830715,0.4248095058844506,0.4635664046980501,0.7174631080794407
-0.242,0.3660443403541903,0.42458699954303386,0.46403672341552016,0.7169506951467647
-0.24,0.3655831291227258,0.4242125137279993,0.46466684389537066,0.7164308665936876
-0.238,0.36524501274196075,0.42394636936853447,0.4650421850503816,0.7161434553255188
-0.236,0.36479510452132446,0.42359208019371286,0.46553623898820035,0.7159111992727898
-0.234,0.36446805342473265,0.423337231051945,0.4660014170665612,0.71546471814154
-0.232,0.36401424484859557,0.4229099772166443,0.4665928212151089,0.7151235919378877
-0.23,0.36360874524589315,0.42262600884138696,0.46696598347082957,0.7146861747772077
-0.228,0.3632000125936903,0.4223727860416563,0.4675226483895917,0.71442642969507
-0.226,0.36284008060235495,0.42201110933425345,0.4680242402877241,0.7140017219018493
-0.224,0.3623837847498041,0.42168884804985995,0.46854908592879574,0.7135924938795482
-0.222,0.3619826972160592,0.4212666020955194,0.4690879462183569,0.7132705703666266
-0.22,0.36165308425819304,0.4209839987332608,0.4695310352538929,0.7128951853360195
-0.218,0.3611694790537277,0.4206813744183535,0.46995810968519897,0.712635457366763
-0.216,0.36070959192764407,0.42038392361344146,0.47051029157323515,0.7121655531002802
-0.214,0.360313645809382,0.42005328608558173,0.47099868185746063,0.711840221251575
-0.212,0.3599416912689178,0.41976801730616853,0.471415441243402,0.7115087630556554
-0.21,0.3594831065214453,0.41947832628077414,0.4720910419014977,0.7109791136405559
-0.208,0.3591550792545341,0.4191773585496548,0.47253635758116425,0.7106452075445516
-0.206,0.3586835949232729,0.4188160933696351,0.4729211036143862,0.710325009736664
-0.204,0.3583292537772828,0.41849898756209397,0.4734707405444156,0.7098764988465178
-0.202,0.3579428129736148,0.4181289387799079,0.47393202816337093,0.7095475135771917
-0.2,0.35752301193483443,0.4177877169079724,0.47446630262667283,0.7091398804406488
-0.198,0.35708916640922705,0.4174810590068445,0.474939737691384,0.7087735887607459
-0.196,0.3567264360888657,0.41712641589728,0.4754640986221124,0.7084295023630766
-0.194,0.3563105789955589,0.41698342646148334,0.47586922037077634,0.7080877045776095
-0.192,0.3559190160696624,0.41664489852184583,0.4764380361126337,0.7077994046940933
-0.19,0.35552424329226295,0.41628146121453347,0.4768091909230144,0.7074345743264738
-0.188,0.35512536219361807,0.41598224310168513,0.4774129494819408,0.7070119997156223
-0.186,0.35470804524514327,0.4156934003057884,0.4778771605579352,0.706566973558963
-0.184,0.3543452047463884,0.4152896440184069,0.4782864005822315,0.7061763368670145
-0.182,0.35394734711882764,0.414958766171102,0.47886024744290945,0.7058934618548306
-0.18,0.35344823711452805,0.4147297769835447,0.47924110278402865,0.7055555578933003
-0.178,0.35311715014954137,0.4143676594248147,0.4797751575259295,0.7051767372346618
-0.176,0.3527789630177361,0.41407522056065993,0.48034895897451174,0.7048174156790401
-0.174,0.35239450876865536,0.41378036202876967,0.48074979211816976,0.7044724398871971
-0.172,0.3519372737897846,0.4134540041169671,0.48124918575313835,0.704127515036866
-0.17,0.3514953692029109,0.4131576049110199,0.4815792572718663,0.703746500910131
-0.168,0.3511419827585404,0.412798034183052,0.48214318305352943,0.7033523417330925
-0.166,0.3507193107712814,0.4125496202642942,0.48267365257380296,0.7030296991452606
-0.164,0.35037664430183285,0.41217373927897755,0.48316315856642084,0.7026379691768797
-0.162,0.3499581125551171,0.4118510774031039,0.4835675291509706,0.7022357362174264
-0.16,0.3495752407299836,0.4114860367364601,0.4840200872143853,0.7019425189181852
-0.158,0.34923859008446384,0.4111894054364713,0.48448241086057603,0.7015313615498988
-0.156,0.3488290058724187,0.410967409249303,0.4849575883137446,0.7012719678523052
-0.154,0.3484492935110616,0.4105668712226901,0.48540168450959825,0.700861570021104
-0.152,0.34801430886667845,0.4103767924878718,0.4858609224690547,0.7005819155435249
-0.15,0.347655390512815,0.41001048683327257,0.48638682817550544,0.7001007287412916
-0.148,0.3473153252860411,0.4096275160040019,0.48679859469592274,0.699865244082624
-0.146,0.34680102137169716,0.4093691384196,0.4873897004997559,0.69938469462285
-0.144,0.3463638142026428,0.4090148484772129,0.4879048348759974,0.699200504405412
-0.142,0.34608299244836027,0.4087963044822611,0.4883497212268535,0.698825816723248
-0.14,0.3457095451888193,0.40844958314810614,0.4886576318118942,0.6983872894400569
-0.138,0.3453439033272347,0.4081808141339389,0.4891673826560478,0.6980412344045889
-0.136,0.3449350811701545,0.4078449538846044,0.48959457610646295,0.6977709904953293
-0.134,0.344532209405172,0.4075067672503058,0.49008813262084583,0.6973592704338166
-0.132,0.34416109412076507,0.40722375457895216,0.4905561752378256,0.6969858311402561
-0.13,0.34379450975255216,0.40695879493062986,0.4911291373268064,0.6967393868908093
-0.128,0.3433837866992933,0.4065898058877731,0.4914320466080416,0.6963863641676428
-0.126,0.3429898977506877,0.4062486852452796,0.49192812419015575,0.6959529036795856
-0.124,0.3425782571182714,0.4059703717951975,0.4924245092806388,0.6956163579151341
-0.122,0.34228443554183335,0.40567087197258783,0.4927722633045746,0.6951997147491279
-0.12,0.341857219307277,0.40530343382276923,0.4933128716707857,0.694797864319031
-0.118,0.34142599700311244,0.40509116291446384,0.4938296981449344,0.6944452258161646
-0.116,0.3410475088405342,0.40478253823906485,0.49430077372604037,0.6941434957276544
-0.114,0.3407545150603181,0.4044788889530375,0.4947686122240423,0.6937817551197247
-0.112,0.34030253404840183,0.4040948854376244,0.4952175113069772,0.693446361769142
-0.11,0.3399203396077818,0.40384613070288533,0.49570293974959384,0.6930618760855136
-0.108,0.3396262920998421,0.4035269601747252,0.4960053897218321,0.692885786264479
-0.106,0.33920439432633304,0.40326005152069905,0.4965775827356186,0.6923833795502171
-0.104,0.3388272032303185,0.4029237622615846,0.4970075623792724,0.6922097649935395
-0.102,0.33840066656343953,0.40263237484579245,0.49747022390829776,0.6918014611973844
-0.1,0.3381166854517811,0.4022773454210607,0.49789774883038873,0.6914333848635382
-0.098,0.3377260315612462,0.4019238563911113,0.49840772020362256,0.691122967709994
-0.096,0.3373496268852749,0.4016409268651121,0.49885562456727894,0.6907122175977232
-0.094,0.33697348379901826,0.40138129547311174,0.4992969858677471,0.6903104143749844
-0.092,0.33652905109085324,0.4010316212561727,0.4996582102973273,0.6899773257265823
-0.09,0.3362260798946177,0.40076791907011644,0.5001536982113493,0.6897823249071187
-0.088,0.3358390330936502,0.4004665040185666,0.5006602335620137,0.6892161251738247
-0.086,0.33541919145588145,0.400149107726819,0.5010765114882543,0.689057007071844
-0.084,0.33507274547549126,0.3998380784119813,0.5015134917072955,0.6885385906957959
-0.082,0.3346709799347879,0.39955832188313345,0.5019992490356991,0.6883187177672923
-0.08,0.3343651221871857,0.3992031991611767,0.5023350393890508,0.6879160244424837
-0.078,0.33390700760500586,0.3989402030439631,0.5028701438663186,0.6875953041094017
-0.076,0.3335931265271378,0.39868212776414397,0.503307959612421,0.6873793106089906
-0.074,0.33316406320711395,0.3983269959127978,0.5037197009201996,0.6868630555708884
-0.072,0.332908384763333,0.3979669024360749,0.5041420301812385,0.6866409124674042
-0.07,0.33246696070612064,0.39769420169060377,0.5046265192262477,0.6862568535679806
-0.068,0.3320625751169756,0.3974765735667201,0.5050988469880288,0.68598112531765
-0.066,0.3316803184761866,0.3971287944290783,0.5054990567267091,0.6855284780530525
-0.064,0.3313066684022207,0.3968067419972476,0.5059631682542773,0.6851650136874603
-0.062,0.331033731693592,0.39647087642509043,0.5063583315059932,0.6848239230975062
-0.06,0.33067238627194745,0.3961353304855191,0.5068199008874351,0.6845178917599133
-0.058,0.33026911096639133,0.39578200196142305,0.5073080617389901,0.6842053684927374
-0.056,0.3298380236644912,0.39553917146930584,0.5077342957717643,0.6838010127016004
-0.054,0.3295485027769187,0.39532878186493736,0.508171747031238,0.683628172904711
-0.052,0.3291627628602031,0.39495010071518294,0.5086468603356482,0.683202319396128
-0.05,0.32878647325763455,0.394627161952792,0.5090754407930065,0.682887302571625
-0.048,0.3284358264191572,0.3943649066352237,0.5095415356465383,0.6824238842274154
-0.046,0.32803427183189415,0.39409366590438205,0.509959231496378,0.6821585581838578
-0.044,0.3276972435918307,0.39374111212645546,0.5103817572985618,0.6816830657331117
-0.042,0.3273061512026929,0.39346180025694766,0.5108684445647949,0.6814913479300537
-0.04,0.3269857456543579,0.39319850801614714,0.5112603394163345,0.6811551293384615
-0.038,0.32663531571865895,0.39278725165249706,0.5117056645345546,0.6808160771696217
-0.036,0.32622841047929696,0.3925810684428745,0.5121611461061522,0.6804398670628439
-0.034,0.32594531827628315,0.39229816006196844,0.5125600523687734,0.6800786962678077
-0.032,0.32548866871657983,0.3919793628828253,0.5129557640853767,0.6797556901733993
-0.03,0.3252035522409187,0.3916246927614258,0.5134644346409116,0.6793491145015881
-0.028,0.32482767937118645,0.3913507544687933,0.5137797265438064,0.6790707669868548
-0.026,0.3244456317620552,0.39108193028130467,0.5142597719336437,0.6787478932199301
-0.024,0.32404338928341253,0.39080801179622254,0.5147089752170216,0.6784437963840287
-0.022,0.3236694322337499,0.390417313665686,0.5149977926003482,0.6780442219744224
-0.02,0.32338675104839837,0.3901000831173729,0.515603063248467,0.6777373238743408
-0.018,0.32308720637636584,0.3898960057159785,0.5160336268460735,0.6773830473717866
-0.016,0.3226611651881469,0.3895898820995217,0.5164522123718962,0.6772196296733153
-0.014,0.3222817508000814,0.38925187349927387,0.5167735297824808,0.6766755024946024
-0.012,0.3219287365971684,0.38899876002616723,0.5171958531209345,0.6765046105713682
-0.01,0.32161104785508166,0.3887216786198928,0.5177283362036967,0.6761468658381107
-0.008,0.32124862567846835,0.38830757670935606,0.5181581912930701,0.6758041237222755
-0.006,0.3208566753913954,0.38803775033364973,0.5185557568685981,0.6753060773465687
-0.004,0.32057515669479414,0.3877372280850054,0.5189775955586823,0.6751598837303595
-0.002,0.32018349636825505,0.38746775208448175,0.5194132240001239,0.6747726495114665
0.0,0.31977481343515957,0.3871670916830604,0.5199114997895959,0.674443052223889
0.002,0.3194697294641908,0.38682663471220124,0.5202917068006253,0.6741212711485995
0.004,0.3190866182148237,0.38665009378917703,0.520700852084968,0.6738022322294929
0.006,0.3187740722326186,0.38631304337768485,0.5210557115736728,0.6733883450764171
0.008,0.3184313528731395,0.38602496910231954,0.5215539782190604,0.6730187196133698
0.01,0.31801605747340767,0.385690741309964,0.5219145958719672,0.6727854580487529
0.012,0.3176312583378537,0.38544095822476093,0.5223861505665596,0.6725432047652796
0.014,0.31728456033075086,0.3850774877444251,0.5228291741703953,0.6721038603879038
0.016,0.3170371145269426,0.38482224077820487,0.5232323709950196,0.6717151386436976
0.018,0.31662915678405457,0.38452948835110956,0.5235652168220789,0.671424337721432
0.02,0.316248344392985,0.3842033422726987,0.5239384280586081,0.671130847328534
0.022,0.3159991407819192,0.3839287455046563,0.5244833993784128,0.6707744236316711
0.024,0.3156090405077401,0.3836378027902667,0.5248544414261989,0.6704493842510796
0.026,0.3152584839163855,0.3832886692768849,0.525375763666161,0.6701585290971659
0.028,0.3148982741196553,0.3829965653801275,0.5256720662061357,0.6697695201477938
0.03,0.3145530924863367,0.3827681051660238,0.5262148650925698,0.6695774046872921
0.032,0.314252650494895,0.38242786692329583,0.5265256222780816,0.66918122891804
0.034,0.3138336832161007,0.3821542287150726,0.5269830097852082,0.6688437360480404
0.036,0.31354559095270335,0.3818692144157994,0.5273517883295602,0.668443195804536
0.038,0.31316139066197046,0.38153939250633073,0.5277761881282242,0.6680577161543533
0.04,0.3128186684977074,0.3813178402662554,0.5281411037140507,0.667833530788883
0.042,0.312531924248261,0.380935446828831,0.5285918688615483,0.6674333764427575
0.044,0.31213422759057596,0.38068779967445293,0.5291159309318104,0.6671401376709243
0.046,0.3118197219835937,0.3804557495918876,0.5294650742954823,0.6667693388548626
0.048,0.3114589951944697,0.38011887436758796,0.529896342972226,0.6665376699862208
0.05,0.3110961932235977,0.37983748043187665,0.5302364769045498,0.6661893788400897
0.052,0.3107766749642368,0.37949424682189264,0.5307116238422753,0.6660393543101982
0.054,0.3104181290915893,0.3792819712047965,0.5311225991326981,0.6655039426524724
0.056,0.31006204813332994,0.3789680081151905,0.5315753492183534,0.6652099952983905
0.058,0.3097558433777662,0.3786450272751491,0.5319085433306115,0.6649526546880657
0.06,0.30936797447571907,0.37834282238810596,0.5323151249718876,0.6646023171496382
0.062,0.3090756255067255,0.37808295577032003,0.5327095312058842,0.6641963101078456
0.064,0.30874923652475045,0.37772290817596976,0.533245538123057,0.6640051353115334
0.066,0.3084153672808072,0.3774178147025816,0.5335478236043814,0.663650470170205
0.068,0.3080698865549497,0.37721105897283985,0.5339276784997667,0.6632957923366908
0.07,0.30771494494061247,0.37691108183571886,0.5343592780675415,0.6629893303183988
0.072,0.3073669821410839,0.37658782769269933,0.5346717908458978,0.6626770245308512
0.074,0.30704970810956095,0.37629898006695534,0.5352420597671219,0.6623550127031447
0.076,0.30673102265348795,0.3760990974574843,0.5354243023505469,0.6620847893094497
0.078,0.30635214272116956,0.3757429234778915,0.5358661570392492,0.6616983247183824
0.08,0.30600707804614596,0.37547105469788744,0.5362853089452789,0.6614160341931382
0.082,0.3056288879380409,0.3751734081113295,0.5368059497905466,0.6611066734532157
0.084,0.30529508694140983,0.3748789507655023,0.537189076214798,0.6607139802714215
0.086,0.30503835535579193,0.37462063771705634,0.5375078153743369,0.6603494170790534
0.088,0.30468662712893035,0.37432081355270347,0.5378373527185072,0.6600557404123188
0.09,0.30429898536601796,0.37402989669823444,0.5382311978463049,0.6598017595086726
0.092,0.30397529033673015,0.37377267037061235,0.5386963855281545,0.6595102069182582
0.094,0.3036618524095255,0.37347385188397325,0.5390610323434006,0.6591481333696679
0.096,0.3033114450896557,0.37310380060642406,0.539506013795189,0.6588422889462477
0.098,0.3029945231222909,0.3728967900527548,0.5399460142694198,0.6585761868132395
0.1,0.3026468703085967,0.37255905884328167,0.540395132891395,0.6582370649134813
0.102,0.30233155961102604,0.37232819751842533,0.5407492590799698,0.6578693122667559
0.104,0.30196461377188777,0.3720014529175898,0.5411202363941663,0.6576252157812649
0.106,0.3016652851865621,0.3716973592216531,0.5415512167427647,0.6572484228478244
0.108,0.30140695528951517,0.3714124303958964,0.5418760400842574,0.6569273097513123
0.11,0.30097496934695994,0.37114280518669107,0.5422473823370644,0.6567397104381566
0.112,0.3006737941791771,0.37083977720704053,0.542697277351583,0.6563469892032164
0.114,0.3002780228307511,0.3705083038477639,0.5429338962557824,0.655985116528123
0.116,0.2999631497678154,0.370271057227715,0.5435117544589294,0.6555833404105492
0.118,0.29964233279259755,0.37002052721199963,0.5438568511790565,0.6553119162889615
0.12,0.2993432033434142,0.3697486894787328,0.54424381221959,0.6550592719761547
0.122,0.29898767201500503,0.36944373379140855,0.5446479812383822,0.6546604804720418
0.124,0.2987009761597561,0.36915870748995006,0.5450649258634848,0.6544162715251279
0.126,0.2983587413905761,0.3688584616185799,0.545464052961754,0.6542288971903342
0.128,0.2979914566606846,0.36859122368163294,0.5457646443968692,0.6539091270664755
0.13,0.297755704133804,0.36826625641131955,0.5462489508497227,0.6535945446255599
0.132,0.2973266900775186,0.3680566341510988,0.5465947215617831,0.6531500422049691
0.134,0.29702920268389194,0.36771572242838785,0.5469875602292233,0.6529041052988228
0.136,0.2967343245483306,0.3675217221592202,0.5473308277169566,0.6526274699945155
0.138,0.2964026251587165,0.36714875571192107,0.5477203377088556,0.6522332021102969
0.14,0.296065234253837,0.3668535303505192,0.5481847225795322,0.6519334163817441
0.142,0.2958220202115814,0.3665835705721779,0.5484637586575157,0.6516939290557946
0.144,0.2954495850421212,0.36637225325729117,0.5489121146678249,0.6512040108471958
0.146,0.29509773227823766,0.36601502627575966,0.5492582521311217,0.6509715696306125
0.148,0.2947925369272746,0.36572683975897907,0.5495590400115749,0.6506228257721408
0.15,0.2944899041641617,0.36545670271805075,0.5500636664282162,0.650479066494341
0.152,0.2940801449162297,0.36513036571890994,0.5504199558206777,0.6500684970707539
0.154,0.29376440596770836,0.3648799959455886,0.5508007312899295,0.6496887107597826
0.156,0.29349265408312714,0.36465856358390764,0.5511628998066819,0.6493873407137433
0.158,0.2931650515445417,0.3643325904197986,0.5514795690118242,0.6492895381581114
0.16,0.2928642295887758,0.36401722446109186,0.551899811181807,0.6489639191025612
0.162,0.29255155599973326,0.36379917220902797,0.552377890187482,0.6485617148478885
0.164,0.2922391837624386,0.3634290200547951,0.5526843848299943,0.6481633749906498
0.166,0.29185637812985865,0.36322756955113733,0.5531354290879881,0.6478480245461355
0.168,0.29158634559780366,0.3629866561453334,0.5534519129714022,0.6476257980776654
0.17,0.2912507807889812,0.3626521651661556,0.5538258783277055,0.6474102464014648
0.172,0.2909095321061756,0.36234648120955576,0.5543082745641382,0.6469303061155272
0.174,0.2907021165052619,0.3620646383815079,0.5547013271739895,0.6467546178521221
0.176,0.2903110834402928,0.36176233122942925,0.5549910732524858,0.646343259396663
0.178,0.28994931545737246,0.3615503085457581,0.5552482238115978,0.6460019573104179
0.18,0.28965877265826717,0.3612431606904237,0.5557527826239411,0.6457936778915425
0.182,0.28932549800696183,0.36098394908204473,0.556155445531666,0.6453749738358172
0.184,0.2889880235123336,0.3607065124926998,0.5564989270185594,0.6451880062046211
0.186,0.2887073947057251,0.3603945779927209,0.5567434027544393,0.6447503199310813
0.188,0.2883814001960778,0.3601373900247077,0.5572214854720159,0.6445069088955381
0.19,0.2880896929809579,0.35983862333190325,0.5576332808883114,0.6441576239599329
0.192,0.28782536700787337,0.35951512488459186,0.5579584622975948,0.6439441619018544
0.194,0.2874497540398045,0.3592583426161753,0.5584450789661176,0.6436591306172411
0.196,0.287127975228951,0.35905990734217996,0.5587217451215153,0.6431922190168283
0.198,0.286831379150428,0.3587717661373713,0.5590981560531579,0.642985745017445
0.2,0.2865008098591667,0.3584662275234495,0.5595004167969657,0.6427045743462771
0.202,0.28620951060652366,0.35810338075724546,0.5598829452259574,0.6423453681307568
0.204,0.2858664269936509,0.35784186574299864,0.5602297378887082,0.6420625185886639
0.206,0.28556665657823616,0.3576088367189407,0.5605962034938308,0.6417137108459833
0.208,0.2852702333366846,0.35738191525737756,0.5609070550065489,0.6415303543643588
0.21,0.2849515928937113,0.3570198043930944,0.5612962875597265,0.6411721737564505
0.212,0.2846449637518291,0.35679437942008,0.5615673873687443,0.6408529329216458
0.214,0.2843340191497375,0.35648069340929606,0.5620582524928662,0.6405544000333868
0.216,0.2839751772936762,0.35620553903791,0.5624598763616868,0.6402366421790423
0.218,0.28375746812936414,0.3559268401810119,0.5627437853781587,0.6400323335770551
0.22,0.2834145222305077,0.3556752034920258,0.5632710847891288,0.6396704288716231
0.222,0.28309139237781017,0.3554561885847634,0.5635060698421928,0.6393639631406637
0.224,0.2828049316897885,0.35513002854458675,0.5639544813153076,0.6390264695513633
0.226,0.28244208164749307,0.3549199654706133,0.5642786134900711,0.6386823962220746
0.228,0.282155822600625,0.35460179593427743,0.5646890605726157,0.6384814419029415
0.23,0.2818675089559399,0.3542585916718862,0.5649727817150004,0.6382162840910284
0.232,0.2815378311471592,0.35399574036740045,0.5653184058995658,0.6379067875346813
0.234,0.28127796086101514,0.35376373400616773,0.5657434314493247,0.6375637238815355
0.236,0.28097593572444046,0.35353757708570915,0.5661300153713156,0.6371596829250317
0.238,0.28056159350511467,0.3532720627136885,0.5664466934659587,0.6368794219953211
0.24,0.2803551327769111,0.3529789947195336,0.5667197556029243,0.6366072477772525
0.242,0.28002011566003887,0.3526829648828916,0.5671488432122964,0.6362556505384389
0.244,0.27975141075293475,0.35239755563286407,0.5675738148857106,0.6360005871110386
0.246,0.279399001206958,0.35216311185997956,0.5678523442769797,0.6357104861242391
0.248,0.2791455603693752,0.3518608834219386,0.5682576629031987,0.6354209408204948
0.25,0.27883822371220035,0.3515286517019725,0.5686588851002498,0.6351799064433999
0.252,0.2784647212147683,0.35137358536131635,0.5689859368684661,0.6348431790845971
0.254,0.2782145882970263,0.35098954302391505,0.5693291817422823,0.6345825264042991
0.256,0.27793365036479134,0.3507211935874344,0.5696793096357342,0.6343146432007785
0.258,0.2776091804916766,0.3504998613886261,0.5700052100854279,0.6339487394367265
0.26,0.2772725238790181,0.3502231714652612,0.5703779908353804,0.6337119497268325
0.262,0.27697685178456877,0.3499281078775802,0.570767483713996,0.6335010237391177
0.264,0.276719292463264,0.3496787804423313,0.5710647245744567,0.6331188542710059
0.266,0.2763862148040411,0.34935548181541776,0.5715076640712403,0.6328561329187369
0.268,0.27606620394890674,0.3491658390747112,0.5718443470320509,0.6325150014614097
0.27,0.2757790841299878,0.3488368142212534,0.5721105732995144,0.6321752243137208
0.272,0.275475503891568,0.3485447865557124,0.5725594319812816,0.6319123312746692
0.274,0.2751778408768921,0.3483590691044265,0.5728698639465915,0.63159305750307
0.276,0.2748775842928279,0.3479752035919047,0.5732794675870259,0.6313251156926981
0.278,0.2745810163557642,0.347764853356832,0.5736529568922181,0.6310571558019821
0.28,0.27428596233466757,0.34753671033811334,0.5739208718934562,0.6308169936400405
0.282,0.2740190700091893,0.3472405784730032,0.5742817710832128,0.6303756851095813
0.284,0.2736438112171624,0.3469795927680471,0.5746937971785884,0.6301488035526782
0.286,0.27340071868862714,0.34664629590694634,0.5749773351237438,0.6297808534825872
0.288,0.27306856511603017,0.3463955689512629,0.5753506527715477,0.6295994795874686
0.29,0.27281972150947725,0.3461283912910921,0.5756678922117818,0.6292894819438173
0.292,0.27247003825916877,0.3458776301077596,0.5760262862135878,0.6289726301690631
0.294,0.27224900415381,0.3455903282636621,0.576415199118297,0.6286856066370791
0.296,0.2719098639920505,0.34533435775667726,0.5768015494235029,0.6283428004108315
0.298,0.2716153794932136,0.3450161378818617,0.5771395855377595,0.6280763141801401
0.3,0.2713282895097261,0.3447969556748279,0.5773264832001328,0.6277955865239049
0.302,0.27104779777490157,0.34450576199396704,0.5777831193476167,0.6275140581549667
0.304,0.2707425359222944,0.3442265130475198,0.5782026242769829,0.6272749633191872
0.306,0.2704272772090079,0.3439753417962676,0.578516597838561,0.6269865707228616
0.308,0.2701565472504086,0.34382204799776933,0.5787891272877003,0.6266238462356349
0.31,0.26981728211694594,0.3434009360409883,0.5792280521008019,0.6263475419553832
0.312,0.2696061304772081,0.34318249525281885,0.5794981259638324,0.6261073424189577
0.314,0.2692691909097334,0.34291146877722395,0.5799748889545255,0.6257187667606607
0.316,0.26902509431915844,0.34265545632059463,0.5802161680022715,0.6255960308703229
0.318,0.26866460266347036,0.34240079532132295,0.5804928643317182,0.625114612330474
0.32,0.26839902276262073,0.34211583901408493,0.5809631056561508,0.6248944240922214
0.322,0.2680904597867275,0.34189378342536897,0.5811860151363119,0.6245890255934533
0.324,0.2677791546971802,0.34159139443281183,0.5815309056466785,0.6242953473689281
0.326,0.26755091420171606,0.3413375413839556,0.5818429745269732,0.6239770676920265
0.328,0.2672262524909002,0.3410604925146239,0.5822905642257741,0.6237054991034603
0.33,0.26694250414232434,0.34085804039204987,0.5826538617285851,0.6233732883925324
0.332,0.2666473447726967,0.34060676790143124,0.5830820507798989,0.6231469607870528
0.334,0.26639461330622677,0.34030923921130285,0.5833547380084738,0.6227880388565381
0.336,0.2660599257619973,0.3399830581653156,0.5836596561602535,0.6226149301296675
0.338,0.2657654955349811,0.3397485941658607,0.5838488990340996,0.6222573501217158
0.34,0.2655005267869626,0.339475688286864,0.5842557989099119,0.6219481018224363
0.342,0.26520571056385794,0.33916169451481926,0.5846706832849086,0.6216816342390371
0.344,0.2649505840029486,0.3389468206742048,0.5849777901514117,0.6214476068112917
0.346,0.26465332683700094,0.3386764642611431,0.5853178402208433,0.6212979813588267
0.348,0.26430143640420467,0.33840746200717414,0.5856302104574894,0.6208200446704033
0.35,0.26405330442856007,0.3380626477116082,0.586064235113442,0.6206040837081963
0.352,0.26378983350924473,0.33785475359652706,0.586381153729396,0.6201966373221889
0.354,0.2635274134385535,0.33757197176030873,0.5866788633307759,0.6200496378838809
0.356,0.2631713647309451,0.33726437865437,0.5870166641195131,0.6197909267557105
0.358,0.26291900780574473,0.33713108096159455,0.5873478805132046,0.6193977077611084
0.36,0.26258095570452733,0.3368439556008543,0.5877657150420688,0.6191927651953124
0.362,0.2623446266830907,0.3365703565403768,0.5880875546960288,0.6188904884422518
0.364,0.2620928665432855,0.3363067507982777,0.5883255644891054,0.6187634749645695
0.366,0.2617412214318666,0.3360419935553429,0.5887794146117733,0.6182550366004864
0.368,0.26147484417469946,0.3357868822112383,0.5890390938479566,0.617985163298032
0.37,0.2612728723783987,0.33553660464827856,0.5892800142661426,0.6176582005378203
0.372,0.2609287610760182,0.3352162158612227,0.5896054590331558,0.6175455049198789
0.374,0.2606370537837323,0.33498815905244167,0.5900946438102805,0.6171812939366463
0.376,0.26034001315662947,0.3347594299087792,0.5903459479507825,0.6169788051596395
0.378,0.2600810444384091,0.33449522024346606,0.5907778115880759,0.6165874081263194
0.38,0.2598507775098383,0.3341664855517006,0.5910619492756634,0.6162697207184408
0.382,0.25954771972054447,0.3339616495068697,0.5913242465876756,0.6161289228253929
0.384,0.2592684493333219,0.33370796608628467,0.5916180426800721,0.6156956511519381
0.386,0.25891714595839477,0.3334380675393326,0.5921228822563198,0.6154653431350162
0.388,0.25868845867764795,0.3331405536772329,0.5923384418755898,0.6151891214327319
0.39,0.258394158785767,0.332932204097762,0.5925774058276769,0.6148795047975191
0.392,0.2581479034296374,0.3326074106753431,0.5930389682131033,0.61467360090181
0.394,0.2578645695385424,0.33235578253836584,0.5933112420133307,0.6144431327461342
0.396,0.2575709431792914,0.3320799974358027,0.5936734512701297,0.6139734637489077
0.398,0.2572608999528726,0.3319405949247269,0.5939071185264122,0.6137551139997036
0.4,0.2569282130423107,0.3316311129620097,0.5942699965669674,0.6134840303101111
0.402,0.2567258867539117,0.33134325708129114,0.594705493881848,0.6132965944465436
0.404,0.256463940953426,0.3311339289728436,0.5949769379452433,0.6128846292501758
0.406,0.256164225952468,0.3308940661137257,0.5953276039006885,0.6126329974234418
0.408,0.25588288073531423,0.3305671031683744,0.5956578990781085,0.6122759794020806
0.41,0.25563481902931706,0.33024368034448465,0.5959184799357823,0.6120433190744474
0.412,0.2553578988833587,0.33003815921356516,0.5962783361312205,0.6119332834009636
0.414,0.2550725476451779,0.3297370984628554,0.5965541447899728,0.6115742144562006
0.416,0.25477498721923414,0.32955108933032945,0.5967793022114702,0.6112565103699167
0.418,0.25451132660094583,0.3292496936537355,0.5972871380056384,0.6109321678921705
0.42,0.2542537323251465,0.3290487030709241,0.5976212362787969,0.6107665893885016
0.422,0.25395464114357363,0.3287642737703663,0.5978859669154428,0.6104146279285373
0.424,0.25374375215636463,0.3284893336099332,0.5981939776838929,0.6100718137650617
0.426,0.2534312519237331,0.3282329216253581,0.5985014177819975,0.6097822624851688
0.428,0.25311415676915777,0.3280225693433828,0.5988082426687746,0.609495562455594
0.43,0.25285969354255106,0.32769807518639443,0.5991337691836126,0.6093687271386621
0.432,0.25259408234476377,0.32743983581072705,0.5995933868355833,0.608939607268186
0.434,0.25232388870564926,0.32723224926010536,0.599906615286179,0.608695610128355
0.436,0.2520167062058119,0.326993761045292,0.6001333562463518,0.6084447501731142
0.438,0.2517751907900573,0.3267366573565639,0.6004191875971151,0.6079977701860919
0.44,0.25153500672896917,0.3264943984702533,0.6007335502416231,0.6078787366535631
0.442,0.25123079932548487,0.3262289148034672,0.6010436687645111,0.6076600584235816
0.444,0.2509876012842626,0.32586944079837293,0.6013070997788126,0.6073911949485826
0.446,0.2507106664989058,0.32568086163984655,0.601795751255015,0.6070790917609628
0.448,0.25040754749258626,0.32540184769427427,0.6019591167020523,0.6067919207239626
0.45,0.25018862985237517,0.3252226416945098,0.6024367344286693,0.6066298406894325
0.452,0.24987319138371852,0.32493283760405844,0.6026568830598686,0.6062346001983778
0.454,0.2496073057699946,0.3247176683264298,0.6030067475583017,0.6059139328903351
0.456,0.24937124724122117,0.32447393321418,0.6033940092280883,0.6057424160489312
0.458,0.24912920937462824,0.324249774745232,0.6036599041186348,0.605365333263163
0.46,0.24882128053953267,0.3239914299065716,0.6040723100342207,0.605071156141204
0.462,0.2485050798322429,0.3236634418563452,0.604209667184718,0.6048585857382932
0.464,0.24827162344015322,0.3233467070852776,0.6045406820992276,0.6046559659419813
0.466,0.24800984719272734,0.32317995556580825,0.6048190969409807,0.6043069463887337
0.468,0.24777087501377515,0.3229341541079797,0.6052255317999669,0.6041293660530287
0.47,0.24742749945818895,0.322629460699949,0.6053542481931758,0.6038354447021576
0.472,0.2471957077189626,0.3223568763188145,0.605863504446991,0.603490677588382
0.474,0.24692621617713967,0.3221780939697087,0.6060428353713595,0.6032583122489393
0.476,0.2466571219801666,0.3218910696523438,0.6065069914869937,0.6029256563672978
0.478,0.24639981981111964,0.32164092221475693,0.6067549582620406,0.6027354268829643
0.48,0.24614541309819668,0.321375864389951,0.6070453985704368,0.6024548483498655
0.482,0.24586839797857296,0.3211358432961661,0.6073356436846598,0.6022104107772956
0.484,0.24562588903581964,0.3208888428611021,0.6077587823928473,0.60188418440863
0.486,0.24536875252055512,0.32063984383233257,0.6080240940011331,0.6016604478799628
0.488,0.24505153443100866,0.3204622386867644,0.6082345619839795,0.6013171093187756
0.49,0.2448063513578845,0.32017279989877,0.6085849772096631,0.6011159787925415
0.492,0.2445580448051459,0.3198711361702622,0.6089391776154823,0.6007092741457991
0.494,0.24430408544764862,0.3195912082250691,0.609259069732275,0.6005366429363299
0.496,0.2440156567449491,0.31940912154333295,0.6095079700232663,0.6002834772801287
0.498,0.243771040132791,0.31916065344325206,0.6098566726893886,0.5999548260662653
0.5,0.2434891643722037,0.31881492232431846,0.6102321523353622,0.5997094168014624
0.502,0.24326268773796395,0.3186017890864217,0.6104580855897225,0.5994616157308544
0.504,0.24300280752324663,0.31834220298211896,0.6107788130492288,0.5991735672511974
0.506,0.24272373929581878,0.3181472161598331,0.6110048733758947,0.5988555092735698
0.508,0.242440861091961,0.3178405869551679,0.6113287066040552,0.5987809610648659
0.51,0.24219736981215598,0.3176366817868373,0.6116796984725431,0.5983962551301335
0.512,0.24192454428347338,0.3173542591428308,0.6121363527334914,0.5981009179490345
0.514,0.24169082195379454,0.31710993846842783,0.6124203002338826,0.5978021579309495
0.516,0.24139170861127066,0.3168641385935062,0.6126099147375852,0.5975674098059552
0.518,0.24113050266730807,0.316594708678506,0.6128769014467099,0.5972170767021291
0.52,0.2408622663682959,0.3163714764471982,0.6132637797872617,0.5969261449158508
0.522,0.2405900524199976,0.3161154920731628,0.6135364612163348,0.5967405158781871
0.524,0.24039630914856341,0.3158897511162168,0.6138294340371385,0.5965823036130695
0.526,0.2400924512156939,0.3156048171130267,0.6140747084469186,0.5962476292674719
0.528,0.2398381389038484,0.3153731940807723,0.6144463264902793,0.5959149622176028
0.53,0.2395643848153003,0.3151949644676321,0.6146839721712282,0.595606880529779
0.532,0.23934832945541104,0.3148419182831133,0.6151218372124512,0.5954360776956622
0.534,0.23907157605847038,0.3146467563032248,0.6154156682252004,0.5950789546436528
0.536,0.23880733526906872,0.31435400832491595,0.6156772377940507,0.5949167874998345
0.538,0.23856013568110587,0.3140966897391548,0.6159732403939853,0.5946132688266906
0.54,0.23835252042624142,0.31388153016699477,0.6161990296624542,0.594299247699977
0.542,0.2380516331942047,0.31367904056214047,0.6164573615595389,0.5940874381397768
0.544,0.23780421229186247,0.31341865328783514,0.6168568231709493,0.593672291546535
0.546,0.2375617528502277,0.313112429658825,0.6171921102045609,0.5934738565124686
0.548,0.23729827644222848,0.31286836935856555,0.6175094943914184,0.593353531144542
0.55,0.23706331999217334,0.3127079948278493,0.6177333295874939,0.5929942374878762
0.552,0.2367831342709706,0.3124824653646068,0.6180235200752148,0.59265225168186
0.554,0.23654677122626253,0.3121818712211774,0.6183461477566753,0.5925521761727436
0.556,0.23624876938069841,0.3119230914537058,0.6185657369983983,0.592230420367809
0.558,0.23600490350823508,0.31170292794179655,0.6189006719716484,0.5919213326178527
0.56,0.2357779972395986,0.31143769371143076,0.6192214941557823,0.5916064820159332
0.562,0.23553753703478558,0.3112156638753998,0.619526312918106,0.5914013962584435
0.564,0.23523515350263946,0.31094753077979603,0.6199250340604244,0.5912400179569614
0.566,0.23504713655358572,0.3107272322650762,0.6199787864144849,0.5909770754540327
0.568,0.23473902099467725,0.31039078076169074,0.6204154023833988,0.5906413551438175
0.57,0.23450119169563094,0.31021084119021947,0.6207829218869514,0.5903385968105771
0.572,0.23424471160604338,0.3099813723240818,0.6209989536371667,0.5899967931139822
0.574,0.23399853515745864,0.30979832037183586,0.6211550094869276,0.5898632682268868
0.576,0.23377524883602796,0.30948592844536227,0.621629849211289,0.5895652082778036
0.578,0.23350565050080546,0.3092427625313572,0.6218560563198966,0.5893315821219139
0.58,0.23323076787210414,0.30900382177821306,0.6221845445848371,0.5890944791311825
0.582,0.233014809802649,0.3087970092851489,0.6225467839541671,0.58883548655195
0.584,0.23273982739591634,0.30851400172106586,0.622808817735297,0.5885229687912659
0.586,0.23247913400541578,0.30832009570978536,0.6231043040680377,0.5883000339862967
0.588,0.23223520923899063,0.3080200247532975,0.6233345098836295,0.5880203446604098
0.59,0.23200615844454564,0.3078057315786336,0.6236923677330583,0.5877474931190958
0.592,0.23174152586200988,0.30759372776517824,0.6239979760426603,0.5874388153449839
0.594,0.23147427195871206,0.30732045263826124,0.6241879420959687,0.5871680281903726
0.596,0.23121774564098227,0.3071279452338724,0.624372654233694,0.5870214515194193
0.598,0.23098993460315345,0.30685389634602445,0.6248502505800472,0.5867374727185458
0.6,0.2307489498466129,0.3065669912601127,0.6250372892192336,0.5863350418090241
0.602,0.23047628377586357,0.30629119032481006,0.6253492560087514,0.5861145264010473
0.604,0.2302794878425266,0.30610418574007464,0.6256283573190531,0.58580751050778
0.606,0.22999051345374535,0.3058849668656038,0.6259729870748794,0.5856505356510234
0.608,0.22977596472477263,0.3056324957642027,0.6261891760835114,0.5853946740348627
0.61,0.22952058323918895,0.30534210378045046,0.6265544389358535,0.5851016791284035
0.612,0.2293031678140638,0.3051359447738669,0.6268355962557962,0.5849035420860451
0.614,0.22904609280134772,0.3048748840222941,0.6271939464462544,0.5846521302512815
0.616,0.2287763226499537,0.3046099917757688,0.627457416269656,0.5843658815860443
0.618,0.22853708257853642,0.3043091088657378,0.6276208845939856,0.5840586012032603
0.62,0.22829653546210738,0.3041704673771621,0.6279471617480312,0.5838271139029709
0.622,0.22803893529330288,0.3038937629091255,0.6281432556969844,0.5835234249673249
0.624,0.22781107631425943,0.30366836109503703,0.6285787476126162,0.5833409489345851
0.626,0.22757441638293857,0.30341868120565524,0.6288123806797153,0.5830227056877137
0.628,0.22730928880051807,0.30322579215523565,0.6290862733760162,0.5828830339691675
0.63,0.22707152452372917,0.3029351146252816,0.6293466670565471,0.5823767656098365
0.632,0.226802122913051,0.3027240598583638,0.6297613856035152,0.5823665190484608
0.634,0.22660854544594847,0.30253807824683604,0.6299559244125927,0.5820720849155676
0.636,0.22636430036130714,0.30226136455615416,0.6303289550128203,0.5817482146766012
0.638,0.22607210824419313,0.3020428274202335,0.6305503635221742,0.5814711456442868
0.64,0.22583319848191186,0.30180571898136066,0.6307596816846766,0.581302391754145
0.642,0.2256213694746562,0.30154686899480637,0.6310941856806233,0.5810109561463249
0.644,0.22541111969507732,0.3012979862097663,0.6313176003444637,0.5806749877001589
0.646,0.22509501766547918,0.30108804823541085,0.6316364369099975,0.5804187310659664
0.648,0.22489851905988353,0.30083033970354595,0.6319818716350991,0.5801628265053012
0.65,0.2245841481080097,0.3006137865530286,0.6323317242137958,0.5800250758163583
0.652,0.2243812440666241,0.3003160272413058,0.6326212152225849,0.5797530197490484
0.654,0.22415878093269345,0.30014208442694823,0.6328492300197093,0.5793096352828402
0.656,0.2239447152362545,0.29992001729790607,0.6330927566036496,0.5792021432769789
0.658,0.223706783380251,0.2996804963531327,0.6333226966498028,0.5789004677476484
0.66,0.22343841187254657,0.2993980149028365,0.6335564506549294,0.5787209283343855
0.662,0.223222609939423,0.29921860383640064,0.6339280764038424,0.578550922335613
0.664,0.2229751907019345,0.2989295781301233,0.634184657634034,0.5781414543978198
0.666,0.22272037181571017,0.29873554869519225,0.6344863145349787,0.5779513491286085
0.668,0.22251799747746273,0.29844296533340275,0.6346667355205959,0.5775719530487559
0.67,0.22221945299355444,0.29827609138271854,0.6350047958103897,0.5774499053034761
0.672,0.22202168538425318,0.29798742003819634,0.6354135703538323,0.5771634829902005
0.674,0.22179060766375264,0.2977579764305118,0.6356024923732903,0.5769126438414534
0.676,0.22156944353974145,0.29753955794454545,0.6358178305641532,0.5766184649317806
0.678,0.2212733039611708,0.29728955486084724,0.6361531223902278,0.5763699364411724
0.68,0.2210572512107239,0.29703485589697454,0.6363779860620138,0.5760462991732487
0.682,0.22082881905374863,0.29682874740859705,0.6366573794506872,0.5758781372251341
0.684,0.22062975042897529,0.2965367027740234,0.6370080134042925,0.5756723692296096
0.686,0.22034003812853162,0.2963164757392718,0.6372044708149052,0.5753315994446555
0.688,0.2201206047628924,0.29607434819983885,0.6374870971682298,0.5751523599579335
0.69,0.21989762971465943,0.29594042574199114,0.6377994342259347,0.5748771124249294
0.692,0.21969632326362565,0.2956612245236415,0.6381237457103491,0.5746507746302791
0.694,0.21939366214961284,0.2954501929942508,0.6384287745731811,0.5743594267410496
0.696,0.21917539611792675,0.295204764897265,0.6385078400055025,0.5741316146597565
0.698,0.21894404577788876,0.294961680701404,0.6388924384297489,0.5738742746698872
0.7,0.21870519819382622,0.29470657006168455,0.6391057358107652,0.5735932081484403
0.702,0.2184793718305646,0.29442197742574683,0.6393388491444776,0.573327813469544
0.704,0.21825523077251263,0.29426728971111926,0.6397302872471665,0.5730796090279027
0.706,0.21802142162313315,0.29405226011372687,0.6400445156261256,0.5728609533378487
0.708,0.21776882697053887,0.2938155636503963,0.6402531351271528,0.5726847225816689
0.71,0.21754985856727485,0.293544410081727,0.6406246537316121,0.572302343088068
0.712,0.21732804449188836,0.29333744231811204,0.6408214663735227,0.5721475114139685
0.714,0.21709894807080463,0.29306612705620155,0.6410181072357097,0.5718254174628955
0.716,0.21687108029338603,0.29281602295610376,0.6413808012167699,0.5714913827910368
0.718,0.216629589880945,0.292649133111004,0.6416335393238294,0.5713303510250608
0.72,0.21637920143916967,0.2923772548916892,0.6418248826900002,0.5710757371437072
0.722,0.21616015415755196,0.29215322034270347,0.6421454121678288,0.5709445762368736
0.724,0.21592568945026558,0.2919292471399642,0.6424907111952324,0.5705356225799307
0.726,0.21568254530634784,0.2917379156957485,0.6426638712085199,0.5703519000552885
0.728,0.2154948244342881,0.29149482866503085,0.6429113352521979,0.5699859074592194
0.73,0.2152634997583475,0.29119430962311793,0.6432231346108435,0.5697429500414858
0.732,0.21501554453084018,0.29097303230934235,0.6434803244835786,0.569589002079763
0.734,0.21479761908695255,0.29081847618684564,0.6437708150378654,0.5692766257149724
0.736,0.2145709374242714,0.29052506088149255,0.6439758706780506,0.5690133707271802
0.738,0.21432964425672604,0.29030482533763013,0.6442727374286917,0.5687297072947917
0.74,0.2141097247542098,0.290092752314465,0.6445488211855762,0.5685793956186705
0.742,0.21385243916848856,0.2898407659085586,0.6448001830846649,0.5683228153917824
0.744,0.2136336246672621,0.2896384103263188,0.6451085854332965,0.567967939583725
0.746,0.21340958867952015,0.2894041960595529,0.6453870971742628,0.5678537022262293
0.748,0.21319080837096746,0.2891463733029608,0.6456688014743313,0.5675128636833906
0.75,0.21294046062335512,0.28888020223459576,0.6458695646982656,0.5673805221145459
0.752,0.21272152157434568,0.2887122357257857,0.6462388517479534,0.567034244861384
0.754,0.21253190485318657,0.2884824788142206,0.6463736674640802,0.5667891502745505
0.756,0.2122449503204811,0.288219835271189,0.6467541536100747,0.5666516116912683
0.758,0.21207749115128188,0.288040588380146,0.6469122245165765,0.5663964999301149
0.76,0.21183521579778555,0.28782854004134373,0.647158009443085,0.5660104115635051
0.762,0.21159165410364625,0.2875652930234394,0.6473847171090111,0.565838566999653
0.764,0.2113596409723509,0.2872658094201019,0.6477146214099604,0.5655445512779439
0.766,0.21113010785955866,0.28711958045528263,0.6481373095153172,0.5654223891768011
0.768,0.21094557096357208,0.28687971742405816,0.6480814900632048,0.5651936136892529
0.77,0.21069986243975283,0.2866139077747262,0.6485866316164666,0.5648453011866829
0.772,0.2104743490689845,0.2863589015289204,0.6487098066396227,0.564616370012834
0.774,0.21027006294569467,0.28617285000619314,0.6490547027968738,0.5643716692275013
0.776,0.21001530124949291,0.2859557030643973,0.649313367958157,0.5640212287661783
0.778,0.20980021868261373,0.2857878359561259,0.6497765023546433,0.5639091533715536
0.78,0.20959029283839037,0.2855353188489908,0.6497678907864373,0.5635835868411823
0.782,0.20936969313795067,0.2852759381266576,0.650042109688024,0.5634751195332874
0.784,0.20916569001229962,0.28510580538296926,0.6503495601058814,0.5631669400134584
0.786,0.20893156136200233,0.2848491443166243,0.6505900586424828,0.5627631713465271
0.788,0.20865102520183632,0.28462095521018893,0.6508644108275942,0.5626488959159016
0.79,0.20846786611949777,0.28433019536735377,0.6511947281328406,0.5623732292237695
0.792,0.20827842882127595,0.28414980075007945,0.6514500337573521,0.5621148105219778
0.794,0.2079830047299371,0.28395148438936013,0.651664061570378,0.5619213921313833
0.796,0.20778802399506252,0.28367724410645684,0.6519635207490466,0.5615630587904327
0.798,0.20758513983805224,0.2834754365000274,0.6520967574346973,0.5614801343057533
0.8,0.20733361473085668,0.2832454772861269,0.6525124142626267,0.5611467722822783
0.802,0.20715403099486804,0.283038584224922,0.6526634644720467,0.5610548860522078
0.804,0.2069140136844546,0.28279015555264303,0.652919932362262,0.5608063143827334
0.806,0.20669492266675907,0.2825746792127703,0.6532118620108475,0.5604272802930614
0.808,0.2064646014307309,0.2823638986908067,0.6533095245895905,0.5601779342680243
0.81,0.2062569498138339,0.28214384207916376,0.6537814980641092,0.5599307387920943
0.812,0.206039267833928,0.2819785010112166,0.6539776537116182,0.5596835520984128
0.814,0.20580369315831,0.2816828074174359,0.6543068111619196,0.5595148303100852
0.816,0.20556159370198118,0.2815155692846513,0.6544350575847837,0.5592548093778793
0.818,0.20537406668066555,0.2812191495810616,0.6546556706348927,0.5589950032337262
0.82,0.20517432697253854,0.28101876525919967,0.6549674988900134,0.5587388733165831
0.822,0.20496037712649628,0.28087227018015876,0.6551570499639126,0.5585916817391613
0.824,0.20472757333534572,0.2806094403810846,0.6555435407355558,0.5582455098106984
0.826,0.20447681353272262,0.2803712634932715,0.6559122829958401,0.5580378616997994
0.828,0.2042554006750442,0.28011773922572963,0.656076159956417,0.5576534779482176
0.83,0.20403784161477498,0.279991384792896,0.6563548016821792,0.5575873400139315
0.832,0.20388191299254144,0.27968541197197505,0.6565108439197372,0.5573373316617031
0.834,0.20361924300063616,0.2795080748380309,0.6568682134262579,0.5570575301302149
0.836,0.20340410520575058,0.27921484677762937,0.6570607924914922,0.5568622516622387
0.838,0.2032092578796271,0.27903045710276525,0.6573548049108309,0.5565417649201512
0.84,0.20301273438706954,0.27876281265286235,0.6575172331127851,0.5563227836531259
0.842,0.20278544490700992,0.2786062497877972,0.657848062435211,0.5560821616062458
0.844,0.20251594048903873,0.2783401999598153,0.6580076192598034,0.5557877463460756
0.846,0.20234911091832566,0.2781227120720706,0.6582899987563601,0.5556443610867617
0.848,0.20205237406350132,0.2779254831302424,0.6585546407944141,0.55544437521043
0.85,0.20191636006427108,0.27769157156892316,0.6588671644744828,0.555183053659159
0.852,0.20167886817957628,0.2775116312438722,0.6590977032123236,0.554870205184331
0.854,0.20150295520665995,0.277271574875375,0.659301380655555,0.5546618125834623
0.856,0.2012505690921683,0.2770243821992863,0.6595849547361543,0.5543323287865101
0.858,0.2010824934799831,0.27677602690982006,0.6597556799373263,0.5542376721308097
0.86,0.2008445654847158,0.2765593197506307,0.6600660229503237,0.5538298637759924
0.862,0.20062885620365947,0.2763653993330997,0.6602837911067111,0.5537145090919947
0.864,0.20042986347958128,0.27619338833606955,0.660610174256246,0.553435550931283
0.866,0.20023339266824247,0.2759479094921574,0.6607633167645802,0.5531896863815116
0.868,0.19997447136793275,0.27572155599297515,0.6609884953494357,0.5529045919537332
0.87,0.19978045510078354,0.2754889291090237,0.6614652371877024,0.5528158316199212
0.872,0.19956724454778554,0.2752838815931088,0.6614748705169476,0.5523657909673676
0.874,0.1993978301036516,0.2750873300153786,0.6619256197330274,0.5522309232849136
0.876,0.19914973000627842,0.2748594387613536,0.6620819656022521,0.5520946251513628
0.878,0.19889277604026498,0.2746344186481261,0.6623128471753115,0.5516437766585991
0.88,0.19869970873682372,0.27443654937799666,0.6625129943725364,0.5515458430302774
0.882,0.19850394037599708,0.2741648557301082,0.6628417090562816,0.5513236509041274
0.884,0.1982823957958621,0.2739725348920564,0.6630314178829195,0.5511380396279904
0.886,0.1980597083882871,0.27375807470893426,0.6632502782031902,0.5508948007508805
0.888,0.19787204536805614,0.27360484644431365,0.6634929108245481,0.5506530525712906
0.89,0.19765749632388424,0.2733448620442956,0.6636491177193502,0.5502929475486775
0.892,0.19743915711414228,0.27313006714536464,0.6640369632613206,0.550154162344595
0.894,0.1972471566869827,0.27296377571762825,0.6642325724681454,0.5498629336572791
0.896,0.19700448741076615,0.27270864397834454,0.6644877529159218,0.5495920924746529
0.898,0.19683473834374307,0.27243359939094414,0.6647272074649311,0.5494562502128735
0.9,0.19661540599334013,0.2723040060324679,0.6649509196217299,0.5490569095420649
0.902,0.19638367527340123,0.2720640672571079,0.6651939439652694,0.5489540991395535
0.904,0.1961990235314652,0.2717974106466673,0.6655306667785956,0.5486172325608839
0.906,0.19598127183614614,0.2716043841849767,0.6659301401080557,0.548453145095542
0.908,0.1957734954508905,0.2713667062677035,0.6658993260697014,0.5482462809287711
0.91,0.19556938391326623,0.271192233329199,0.6662293807750721,0.5479290572769285
0.912,0.19533527395719194,0.27096505151191236,0.6663701236583603,0.5476447448868431
0.914,0.1951822192475631,0.27069598123692895,0.6666409593583731,0.5474488893813048
0.916,0.1949060124032472,0.27050949563922305,0.6668615906775549,0.5473263072394234
0.918,0.19473755430182202,0.2702956482163494,0.6671349742533039,0.5470266533622223
0.92,0.19450816279664385,0.27006978128391784,0.6673996674192436,0.5467958455716653
0.922,0.19431498380419382,0.26985238815500756,0.6676685988309735,0.546550612021654
0.924,0.1941138875710787,0.26962313870112153,0.6679912242871043,0.5463681429520977
0.926,0.1939421846364077,0.2694281321599218,0.668162475301603,0.5460712039387667
0.928,0.19372111426884356,0.2692421536244627,0.6682775368088102,0.5457526686546175
0.93,0.19350628458719016,0.2689922313609631,0.6685954594853064,0.5455735310698099
0.932,0.19332069155992115,0.2687942041114427,0.6688740478292263,0.5453696775585333
0.934,0.19310857887345242,0.268591999813352,0.6691084805072193,0.5451751577981884
0.936,0.19287036995626258,0.2683575970285055,0.6694529766949218,0.5448840569073973
0.938,0.1926295726646479,0.26815690672188414,0.6695771602974747,0.5446706740107154
0.94,0.19246948108872447,0.26792145069101153,0.6698563344497173,0.5445414066145295
0.942,0.19225941592994875,0.2677217659671989,0.6700435827014999,0.5442121199273546
0.944,0.19205779566833428,0.2675052337280919,0.6703263052563746,0.5440652676017621
0.946,0.19186421052811967,0.26727489679753724,0.6704888415615263,0.5438115434994523
0.948,0.1916913385596264,0.2670852752915204,0.6708726349510311,0.5435478771305683
0.95,0.19144715950641913,0.2669132952148874,0.6709956858652206,0.5432956259958723
0.952,0.19127005802698638,0.2666587740270587,0.6711671945518749,0.5430124257992486
0.954,0.19104303277600246,0.2664637920676988,0.6714255925809461,0.5428591127191634
0.956,0.19083832440760756,0.26620190337152383,0.671853315239227,0.5425941676647947
0.958,0.19064528753717647,0.2660425485461013,0.6720137367246486,0.5423785878096646
0.96,0.1904288452454115,0.26582133582861744,0.672134877744473,0.5421491460671984
0.962,0.1902230728220749,0.2655805062570513,0.6724557703983561,0.5419021401889865
0.964,0.1900667426056754,0.26539534308544577,0.6726634903898299,0.5416778810237065
0.966,0.1898495156888929,0.26518718616893516,0.6728377304551673,0.5413891444629473
0.968,0.18963759497703234,0.2649290754247013,0.6730956283189907,0.5412298830226531
0.97,0.18946628119919068,0.26474060490079687,0.6734522178380448,0.541019533506864
0.972,0.18922598392161336,0.2645298400047973,0.6737790243725603,0.5406888541112903
0.974,0.18904244229156425,0.26431019970350517,0.673845343799205,0.5405067894591037
0.976,0.18881272826803472,0.2640941004533498,0.6739803894213984,0.5401900646809197
0.978,0.1886549895727586,0.26387793425506667,0.6743810615380973,0.5401814236863868
0.98,0.1884027796041639,0.2636567403615942,0.6745780968103533,0.5398356015189802
0.982,0.18825065883062578,0.2634498912052767,0.6747618915296485,0.5395663178700832
0.984,0.18802477721038796,0.2632794253966878,0.6750363823553036,0.5393267494252664
0.986,0.187831091339925,0.26308853296530754,0.675195734171896,0.5391113566989306
0.988,0.1876862415984626,0.26288480405546255,0.6754871221094947,0.5389419070403769
0.99,0.18743828245127156,0.26259548848492037,0.6756613006386447,0.5387394093515909
0.992,0.18726945116903998,0.26245805347123835,0.6759572352176422,0.5383608301985717
0.994,0.18705604162117453,0.26222138340440765,0.6762428127613015,0.5381313896983985
0.996,0.1868563082386081,0.26201581168414295,0.6764160061996985,0.5379478352222384
0.998,0.18664821116370475,0.26180689662657003,0.6765908964694883,0.5377077346821247
1.0,0.18649076328916206,0.26156105238290733,0.6769140083822078,0.5374367164354873
