-1.0,0.8169996892324144,0.8919993317097047,0.9039984150557842,0.31099985633938904
-0.998,0.8164801273076637,0.8912125625083396,0.9038592919513921,0.3104292130813589
-0.996,0.8159563124133394,0.8904263806979918,0.903718524780761,0.30985985143254613
-0.994,0.8154370946262168,0.8896429067807835,0.9035754180932882,0.3092917551650594
-0.992,0.8149168038159201,0.8888566447842149,0.9034353828129973,0.30872508086562667
-0.99,0.8143966102583954,0.8880735893636392,0.9032943620009797,0.3081588249363939
-0.988,0.8138784126240285,0.8872880526013933,0.9031513182147047,0.3075937247733496
-0.986,0.8133584872105583,0.8865061028370691,0.9030095961239254,0.30703027898766605
-0.984,0.8128405616826972,0.8857226913745525,0.9028680786509851,0.30646720767023194
-0.982,0.812322003877721,0.884941035516761,0.9027266442753011,0.3059062480121157
-0.98,0.8118045899566583,0.8841609968032572,0.9025883381517562,0.30534481994468254
-0.978,0.8112874640768709,0.8833773158690215,0.9024469147311798,0.30478584826321503
-0.976,0.8107699230809728,0.8825962303410597,0.9023058223040041,0.3042273615603497
-0.974,0.8102535385014639,0.8818177042944368,0.9021649023940023,0.30367034121174813
-0.972,0.8097391274720709,0.8810366068843004,0.9020230095913,0.3031138190884605
-0.97,0.8092232790459039,0.8802587036476333,0.9018809407144749,0.3025582612259171
-0.968,0.8087077605799904,0.8794800773775805,0.9017391626983027,0.3020046623642935
-0.966,0.8081937300423712,0.8787029637106142,0.9015997218721783,0.3014517915517479
-0.964,0.8076814100831798,0.8779251441592777,0.9014583620105691,0.3008994052972576
-0.962,0.8071653852042774,0.877148942602427,0.901317331178881,0.3003493932173273
-0.96,0.8066518043381562,0.876373319913328,0.9011763362322001,0.2997988356230449
-0.958,0.8061408744912357,0.8755967054754484,0.9010366565783928,0.29925007547547555
-0.956,0.8056266622715567,0.8748218896879126,0.9008961949839952,0.29870176466946063
-0.954,0.8051164606998655,0.874048202122516,0.900754330416613,0.29815595193907807
-0.952,0.8046044070747941,0.8732710230074958,0.9006135235130651,0.29761002074712234
-0.95,0.8040922508021288,0.8725008861731608,0.9004731301979455,0.2970657929889833
-0.948,0.8035821319097899,0.8717286460331628,0.900333136204269,0.2965220063104144
-0.946,0.8030730110479543,0.8709550076466327,0.9001912082084133,0.29598016138087696
-0.944,0.802562261799295,0.870183320368102,0.9000495712927035,0.29543834393502466
-0.942,0.8020521156385221,0.8694141075664225,0.8999106616246132,0.2948978079762175
-0.94,0.8015438698768718,0.8686417723308375,0.8997697731979776,0.2943583842448326
-0.938,0.801035024205259,0.8678732727018285,0.8996284703918689,0.293820187648472
-0.936,0.8005285852934866,0.8671030452597964,0.8994880247343761,0.2932832799356231
-0.934,0.8000216341251711,0.8663358067198941,0.8993466435123209,0.29274736875715734
-0.932,0.7995139108170518,0.8655676874353964,0.8992088533298204,0.2922120582738465
-0.93,0.7990062441853698,0.864798639834433,0.8990655513404286,0.291677468518908
-0.928,0.7985014324014399,0.864032035026815,0.8989260584333322,0.29114375144274257
-0.926,0.7979934788488439,0.8632659871559396,0.8987852588501765,0.29061249201561906
-0.924,0.797487257704331,0.8625000648005835,0.8986448164422155,0.29008187155282306
-0.922,0.7969840729442772,0.861733347338061,0.8985060684281948,0.28955150199403057
-0.92,0.7964787697670819,0.8609703283124474,0.8983645429781665,0.28902205267144526
-0.918,0.7959737567041286,0.8602040995784281,0.8982248817927521,0.2884946686781967
-0.916,0.7954708451390583,0.8594410154950556,0.8980854842791577,0.2879674506123448
-0.914,0.7949668822512093,0.8586795606197046,0.8979431312827383,0.28744146449644076
-0.912,0.7944640441350922,0.8579165814496985,0.8978028035575767,0.28691653624587415
-0.91,0.7939621507535386,0.8571541916868748,0.8976627635964536,0.286392945595363
-0.908,0.7934596768432561,0.856391581477229,0.8975246139153081,0.2858699473480803
-0.906,0.7929568479202891,0.8556311610035813,0.897380267850097,0.28534838756959974
-0.904,0.7924571580061858,0.854872742067225,0.8972441853392983,0.28482765509613117
-0.902,0.7919569473665065,0.8541117888929848,0.8971017995766891,0.28430761216302536
-0.9,0.7914543518342557,0.8533535560923607,0.8969600812131306,0.28378820807406446
-0.898,0.7909563500710955,0.8525944206595815,0.8968214959399198,0.2832707867100371
-0.896,0.7904563617395046,0.8518369860241589,0.8966823631571637,0.282753341604521
-0.894,0.7899553841556316,0.8510790062196995,0.8965411667246922,0.2822383147050433
-0.892,0.7894562815268936,0.850323587684075,0.896400946010316,0.2817230450833037
-0.89,0.7889579355541716,0.8495665219197405,0.8962614536775835,0.28120933783508417
-0.888,0.7884604869875891,0.8488107309241809,0.8961221484451847,0.2806962829849845
-0.886,0.7879627690270903,0.8480544884291265,0.8959797977752395,0.28018449576483917
-0.884,0.7874651868435872,0.8473015509596532,0.8958415140468285,0.2796733618585637
-0.882,0.786968248682341,0.8465469647435513,0.8957011876863006,0.2791641830354275
-0.88,0.7864728528240857,0.8457932704338098,0.8955611496406357,0.27865466383025655
-0.878,0.7859768277364153,0.8450420727806544,0.8954190873666873,0.27814697943965544
-0.876,0.7854817447491163,0.8442887724538941,0.8952809309623293,0.2776398476109993
-0.874,0.7849861588786873,0.8435373112081163,0.8951399383224815,0.27713440546493334
-0.872,0.7844910354953571,0.8427847214342525,0.8950011025108855,0.2766292650763777
-0.87,0.7839965793634047,0.8420358056576583,0.8948616732984681,0.276125249047834
-0.868,0.7835027276238069,0.8412849654487508,0.8947210522720233,0.27562219002356625
-0.866,0.7830094146691758,0.8405371206834925,0.8945804558487334,0.27511997076253997
-0.864,0.7825183106743665,0.8397884745687361,0.8944408102612896,0.27461879964728697
-0.862,0.782022853896029,0.8390412168310654,0.8943011874686254,0.2741187532901481
-0.86,0.781531117458105,0.838292350944235,0.8941624043832522,0.2736192152488653
-0.858,0.7810405540475597,0.8375454562654923,0.8940208943856887,0.2731218013146062
-0.856,0.7805479953173132,0.8367995404653361,0.893881603701613,0.2726243159921146
-0.854,0.78005780854088,0.836051407475032,0.893743254720711,0.2721279639240055
-0.852,0.779566055067195,0.8353075085633601,0.8936028536262106,0.2716326528732891
-0.85,0.7790757200909303,0.834561791998191,0.8934626486225729,0.27113822214452243
-0.848,0.7785855301147333,0.8338186404868195,0.8933241473344408,0.27064513962773484
-0.846,0.7780963882808144,0.8330754080450604,0.8931844546634075,0.270152615782801
-0.844,0.7776064870631294,0.8323336319032854,0.8930430376996771,0.2696606672103965
-0.842,0.7771202195429174,0.8315919701562388,0.8929021310053565,0.2691705703215116
-0.84,0.7766306905918107,0.8308500405711935,0.8927644677325314,0.2686811750075377
-0.838,0.776142757872873,0.8301081721375303,0.8926238064243269,0.26819233184645774
-0.836,0.7756552377802183,0.8293676139133204,0.89248522873464,0.2677047732948474
-0.834,0.7751685181049875,0.8286279314960063,0.8923440686309938,0.2672180591558781
-0.832,0.7746816958576256,0.8278870816871196,0.8922045321637389,0.2667320009126275
-0.83,0.7741942180302928,0.8271484936874786,0.8920670406492636,0.2662473337013509
-0.828,0.7737088628523262,0.8264096542360072,0.8919268520404415,0.26576353448698936
-0.826,0.7732243915211993,0.8256707234864229,0.8917854319571553,0.26528065293831216
-0.824,0.7727386882628334,0.8249366994998686,0.8916470626744861,0.2647984220616475
-0.822,0.7722539650002891,0.8241987542900117,0.8915076575150209,0.264317400068295
-0.82,0.7717695208350436,0.8234625646544295,0.8913670119335362,0.2638367918186451
-0.818,0.7712854372761103,0.8227272956015754,0.8912308975654906,0.26335800902188633
-0.816,0.7708025267931268,0.821993306892146,0.8910883470033216,0.26287967741046525
-0.814,0.7703182479680633,0.8212589493622715,0.8909487267919357,0.26240184411544887
-0.812,0.7698379491554366,0.8205248916736078,0.8908086158498482,0.26192543520746453
-0.81,0.7693535483374362,0.8197932840454955,0.8906700071861069,0.2614499489613526
-0.808,0.7688706742319215,0.819059685426476,0.8905310123332235,0.260974896547515
-0.806,0.7683897372294968,0.8183270605611034,0.8903923607132942,0.2605013555142363
-0.804,0.7679079596286725,0.8175959583764177,0.8902496775659768,0.2600286250033761
-0.802,0.7674280110885315,0.8168652292583343,0.8901116412712115,0.25955630839083693
-0.8,0.7669474916059319,0.8161357705763239,0.8899734363219969,0.2590854339695534
-0.798,0.7664669899859481,0.815406479600405,0.8898339096595477,0.25861510522533515
-0.796,0.7659873441568649,0.8146781821602647,0.8896950678469667,0.25814610612541894
-0.794,0.7655088267978131,0.8139487937513232,0.8895552406348778,0.2576780208273698
-0.792,0.7650296533111879,0.8132207123079267,0.8894166526888524,0.2572108089465759
-0.79,0.7645501775322718,0.8124939820553742,0.889275594545087,0.2567446080681399
-0.788,0.764072792402802,0.8117679685816507,0.8891361234839777,0.2562788421620235
-0.786,0.7635954946805121,0.8110415143642281,0.8889962619734462,0.2558142122221283
-0.784,0.7631174604331027,0.8103172500449545,0.8888590922711731,0.25535032399402063
-0.782,0.7626404472969232,0.8095903008788397,0.8887196691727043,0.25488795697483296
-0.78,0.7621640762427689,0.8088678030362421,0.8885783294234707,0.2544251981976901
-0.778,0.7616881141474082,0.8081439838792377,0.8884392277290595,0.2539641786610299
-0.776,0.7612119262516477,0.8074186518768319,0.8883017749686003,0.2535046820883188
-0.774,0.7607371722321756,0.8066971762691818,0.8881598534796565,0.25304489573407823
-0.772,0.7602603451455932,0.8059759605561055,0.8880215246135342,0.2525864473168274
-0.77,0.7597868782337823,0.805254648514243,0.8878824246242565,0.25212889050950343
-0.768,0.7593120305052112,0.8045341892376582,0.8877425003115466,0.25167224342538447
-0.766,0.7588390430121839,0.8038151487868447,0.8876048337821698,0.2512163950214086
-0.764,0.7583651998859795,0.8030938081391394,0.8874657731581019,0.25076118175398704
-0.762,0.7578906549460219,0.8023748468416607,0.8873257816802153,0.2503074164903211
-0.76,0.7574184538170723,0.801656329362334,0.8871867119257315,0.24985445841631868
-0.758,0.7569465245933832,0.800937417211492,0.8870461882099692,0.24940227703214712
-0.756,0.7564743420713157,0.8002214724759914,0.8869080140167606,0.24895065013537218
-0.754,0.756002976149351,0.7995047982626042,0.8867703897342162,0.2485003481999126
-0.752,0.755531222420139,0.7987875871345348,0.8866300917857121,0.24805046419355484
-0.75,0.7550598166443769,0.7980729803922028,0.8864899067788682,0.24760165769341794
-0.748,0.7545909760778178,0.7973589162337885,0.8863510649093155,0.24715405846733252
-0.746,0.7541191232181329,0.7966432453200205,0.8862128187279865,0.246706668078309
-0.744,0.7536499561529207,0.795930194288724,0.8860742102639414,0.24626048335378872
-0.742,0.7531795016310996,0.7952172096174416,0.8859333383032031,0.24581535535295948
-0.74,0.7527122082916705,0.7945049005811383,0.8857943039080315,0.24537120322822836
-0.738,0.752242585255335,0.7937937354921466,0.8856547810893944,0.24492734630184826
-0.736,0.7517732521481847,0.7930819508332629,0.8855149644941123,0.24448457548007915
-0.734,0.7513066001008452,0.7923698666761593,0.8853770463674199,0.24404274978070176
-0.732,0.750840255221559,0.7916594945743648,0.8852379836161048,0.24360186724906893
-0.73,0.7503713403657529,0.7909513079245678,0.885098794577064,0.24316154434557957
-0.728,0.7499049986422891,0.790240052569557,0.8849588300217546,0.2427219724197025
-0.726,0.7494396809418091,0.7895330488885484,0.8848203488028508,0.24228361493945783
-0.724,0.7489731009929089,0.7888256417072655,0.8846800824279517,0.24184627922582858
-0.722,0.7485065296827719,0.7881188760837952,0.8845415506876362,0.24140896363192588
-0.72,0.7480430453026004,0.7874110538328799,0.8844031003139693,0.24097305623146303
-0.718,0.7475765453684853,0.786704814601716,0.8842637036653281,0.2405381931052554
-0.716,0.747111056829658,0.7860007170505242,0.884124163932282,0.24010366235780176
-0.714,0.7466493478710086,0.7852954123280373,0.8839849342813465,0.23967053685358058
-0.712,0.7461842333118938,0.7845895574965477,0.8838465807877215,0.23923763705295686
-0.71,0.7457193438011911,0.7838859521949204,0.8837068709662813,0.23880601922143946
-0.708,0.7452576419687814,0.7831843288364956,0.8835677345861057,0.23837512550327294
-0.706,0.7447947672384974,0.7824816539569033,0.8834299639312321,0.2379452311259433
-0.704,0.7443315050923011,0.7817785891584368,0.8832898000895648,0.23751583194550968
-0.702,0.7438700106954729,0.7810776122194752,0.8831505594170301,0.23708758908860864
-0.7,0.7434074105887128,0.7803769202708358,0.8830133512426438,0.23666082652032816
-0.698,0.742947607352629,0.7796760523221925,0.8828744193987506,0.23623323193673487
-0.696,0.7424876404956721,0.7789758171599158,0.8827351818693527,0.2358069721277012
-0.694,0.7420263797807689,0.7782774759542109,0.8825971044559762,0.23538201275733547
-0.692,0.741563779660597,0.7775793259799536,0.8824568921861707,0.23495776238332958
-0.69,0.7411055427540252,0.7768809787709838,0.8823167861605518,0.23453428150013036
-0.688,0.7406450321868131,0.7761853788130961,0.882179017837846,0.23411153073163984
-0.686,0.7401874081899703,0.775487651955383,0.8820393218607423,0.23368973856911662
-0.684,0.7397291490001351,0.774790566272722,0.8819002527559825,0.2332685242864873
-0.682,0.7392701967419657,0.774096150142571,0.8817606727015174,0.23284858236025668
-0.68,0.7388109927291026,0.7734016715351486,0.8816210873100367,0.23242913073822782
-0.678,0.7383557844009268,0.7727067943830529,0.881483496593825,0.23201059946517538
-0.676,0.7378980837909224,0.772014305064745,0.8813449463581343,0.23159281822415514
-0.674,0.7374386602562706,0.7713200286844248,0.8812047915720808,0.23117585349777942
-0.672,0.73698254854623,0.77062738604217,0.8810656850120482,0.2307593868761976
-0.67,0.7365272605346607,0.7699350386701578,0.8809259598685423,0.2303442787212996
-0.668,0.7360702818666796,0.7692453652198218,0.8807870311339179,0.22992944697285522
-0.666,0.7356150567294816,0.7685543309845132,0.880648414848335,0.22951582523847683
-0.664,0.7351609795107019,0.7678628978790264,0.8805093998544088,0.22910294070212273
-0.662,0.7347052743650407,0.7671726604144052,0.8803707481945646,0.22869064656141314
-0.66,0.7342505833874511,0.7664852874132234,0.8802314620796265,0.22827861183159368
-0.658,0.7337965041250261,0.7657951956634595,0.8800917014455792,0.22786840996715108
-0.656,0.7333416280934791,0.7651072590058693,0.8799536644381576,0.22745860807291277
-0.654,0.732888680162018,0.7644195955753614,0.8798138038194644,0.22704961046480526
-0.652,0.7324351331325395,0.7637326014340233,0.8796742888220512,0.22664118120169433
-0.65,0.7319853648561186,0.7630466219876897,0.8795352528909749,0.22623367068787623
-0.648,0.7315298787473611,0.7623617368857675,0.8793950813847793,0.22582738200342958
-0.646,0.7310794154236505,0.7616773865208192,0.8792594511535147,0.22542127689968464
-0.644,0.7306274604621363,0.760991118819506,0.8791200397839215,0.2250161996385139
-0.642,0.7301748465093253,0.7603085108962088,0.8789810033733453,0.22461190249854904
-0.64,0.7297257455553957,0.7596262774382814,0.8788409153584048,0.2242082948851251
-0.638,0.729273981912087,0.7589434888539507,0.8787036176618191,0.22380533211128126
-0.636,0.7288237227327855,0.7582608872693107,0.8785640927365836,0.22340367773208814
-0.634,0.7283727755932337,0.7575782539882235,0.8784258375478067,0.22300230802562637
-0.632,0.7279235975817826,0.7568980163376688,0.8782860581294802,0.22260177409678586
-0.63,0.7274746177884839,0.7562181812461783,0.8781470139521267,0.22220228283907265
-0.628,0.7270250518821508,0.7555383803687519,0.8780094783185952,0.2218029357085375
-0.626,0.726577653639768,0.7548606782456295,0.8778710664418065,0.22140488071661998
-0.624,0.7261296905990398,0.7541805744887574,0.8777301826903452,0.22100773328876713
-0.622,0.7256823335877979,0.7535035433212423,0.8775913751933878,0.2206111102124915
-0.62,0.725233845435156,0.752827161057716,0.8774519757347093,0.22021577216879792
-0.618,0.7247876306744994,0.752148398791489,0.8773134036269279,0.21982047369960186
-0.616,0.7243393920291642,0.7514735497154648,0.8771741419857401,0.21942609062680393
-0.614,0.723893280902255,0.7507974859037635,0.8770356468502576,0.2190324749430582
-0.612,0.723448791225509,0.7501224336712745,0.8768962182925628,0.21863981884454636
-0.61,0.7230017163132673,0.7494480203725837,0.8767566728734962,0.21824761454512095
-0.608,0.7225566337162721,0.7487733190589507,0.8766165366102654,0.21785612256533995
-0.606,0.7221113276115175,0.7481011532247517,0.8764793631960136,0.21746554596055054
-0.604,0.7216653492200032,0.7474284462720953,0.8763382322958087,0.21707612392755485
-0.602,0.7212218097540213,0.7467553356467767,0.8762006863108657,0.21668707925109848
-0.6,0.7207778703478768,0.7460842438157793,0.876064519310338,0.21629856882439283
-0.598,0.7203329618641958,0.7454126368872028,0.87592378659241,0.21591104148823412
-0.596,0.7198892908552712,0.7447424239589209,0.8757851696621132,0.2155241185207173
-0.594,0.7194459954003579,0.7440719471361915,0.8756439825156527,0.21513844324744646
-0.592,0.7190048990877399,0.7434034807873923,0.8755076793024111,0.21475302172716712
-0.59,0.7185613438567373,0.742736054114959,0.8753691047546869,0.21436845699437343
-0.588,0.718119002372463,0.7420679170573232,0.875229080198347,0.2139842668860689
-0.586,0.7176767869645605,0.7413998341292585,0.8750891875703828,0.21360125056858217
-0.584,0.7172380823775549,0.7407337598047172,0.8749502108042372,0.21321916207352548
-0.582,0.7167946692763405,0.740065515226365,0.8748118849325273,0.21283750405181204
-0.58,0.7163562579940452,0.7394012557925465,0.8746731682146573,0.21245667868451895
-0.578,0.7159146503937939,0.7387357772424323,0.8745345512615331,0.21207649322259273
-0.576,0.7154741215858614,0.7380719820883296,0.8743934549261329,0.21169720520382174
-0.574,0.7150350829499786,0.7374055524742971,0.8742547592924033,0.21131844388490442
-0.572,0.7145944004389633,0.7367435485908589,0.8741191382503627,0.2109403640366857
-0.57,0.714156401500905,0.7360821096510901,0.8739771714485011,0.21056308634443957
-0.568,0.7137175712268717,0.7354181302377235,0.8738383240685877,0.2101868543693416
-0.566,0.7132786306175926,0.7347585752830778,0.8736982780841903,0.20981124782729146
-0.564,0.7128402211433775,0.734095583673366,0.8735593218815394,0.20943582880522424
-0.562,0.7124034341192077,0.7334356247255805,0.8734217639964047,0.20906159795000503
-0.56,0.7119673809735364,0.7327758991501451,0.8732836511273193,0.20868786602074252
-0.558,0.7115297755964792,0.7321168705526837,0.8731427751640016,0.20831491780385228
-0.556,0.7110924533088211,0.7314577338385966,0.8730034956002302,0.2079430234294431
-0.554,0.7106563389254834,0.7308003322686079,0.8728660330061638,0.20757101977402986
-0.552,0.7102194719762202,0.730141864441896,0.8727282297186643,0.2072006207220855
-0.55,0.7097835585755232,0.729485115872,0.872586715107769,0.20683083801175312
-0.548,0.7093492210665493,0.7288291395600949,0.8724483443421343,0.20646110408787802
-0.546,0.708913089836929,0.7281737033814822,0.8723099360686766,0.20609274931400115
-0.544,0.7084792207136529,0.7275176324910358,0.872171060075247,0.20572462682939283
-0.542,0.7080437046512575,0.7268635701117043,0.8720311507130887,0.2053575278458209
-0.54,0.7076096602178751,0.726209255784042,0.8718917572662139,0.20499086741861272
-0.538,0.7071792102402791,0.7255553208319496,0.8717529047391067,0.20462524743921467
-0.536,0.7067435406975318,0.7249007737209633,0.8716166401236961,0.20426050920239402
-0.534,0.7063099871952527,0.7242496833311042,0.8714747796169054,0.2038956910324295
-0.532,0.7058769650490357,0.7235981530405843,0.8713365559219693,0.2035318421247991
-0.53,0.705444733485416,0.7229469220985548,0.8711977064803335,0.20316913992856464
-0.528,0.7050128904313542,0.722296538466135,0.8710583255820165,0.2028067358506809
-0.526,0.7045821944500141,0.7216452101672971,0.8709182966855784,0.20244522394349418
-0.524,0.7041492225691022,0.7209955752748264,0.8707803315547292,0.20208468389749146
-0.522,0.7037182449130523,0.7203482224480489,0.8706411479508791,0.20172402309583967
-0.52,0.7032873985111688,0.7196991002019101,0.8705029047523233,0.2013647431507446
-0.518,0.7028567170835791,0.7190525538398993,0.8703610997925552,0.20100597386193406
-0.516,0.7024273423324972,0.7184049018908344,0.8702236637053284,0.20064757167092875
-0.514,0.7019972857332254,0.717758311919127,0.8700838055527925,0.2002902499276048
-0.512,0.7015674772668031,0.7171123028198922,0.869944818153918,0.19993319968019008
-0.51,0.7011376061988569,0.7164666975399463,0.8698061353133384,0.1995772672639752
-0.508,0.7007100146924826,0.7158214211868787,0.8696660464810806,0.19922152118447414
-0.506,0.7002810597053549,0.7151779150369054,0.8695270390974912,0.19886702788702756
-0.504,0.6998524475942954,0.7145329065515829,0.8693891581550662,0.19851282304667253
-0.502,0.699424474250731,0.7138893710357272,0.8692499002874788,0.19815976149332426
-0.5,0.6989974283594249,0.7132475625678937,0.8691106745261017,0.19780645836332122
-0.498,0.6985705780195395,0.7126048559913892,0.8689710610467358,0.19745505831909074
-0.496,0.6981434246179303,0.7119639869144573,0.8688324329615857,0.19710308035699925
-0.494,0.6977163764248913,0.7113226066497128,0.8686921229564823,0.19675314455390971
-0.492,0.6972903754334057,0.7106828878808775,0.8685543947942496,0.19640307636479204
-0.49,0.6968658141699652,0.7100426446136945,0.8684159482600508,0.19605382858672254
-0.488,0.6964379985767659,0.7094035154958805,0.8682769698248787,0.19570483738025038
-0.486,0.6960136525900025,0.7087638109557993,0.8681379827176507,0.1953570840089057
-0.484,0.6955873038726529,0.7081275428849528,0.8679970485202075,0.19500953745853788
-0.482,0.6951633520915104,0.7074894842761189,0.867859030407897,0.19466294366480238
-0.48,0.6947396914775009,0.7068525526156845,0.8677198300842813,0.19431709537304626
-0.478,0.6943155565917247,0.7062153066610278,0.8675803388464983,0.19397192708756886
-0.476,0.6938923010893365,0.7055813148446748,0.8674415710037642,0.1936271908883108
-0.474,0.6934669672232996,0.7049454839709232,0.8673026442007178,0.19328293098616292
-0.472,0.693044221318142,0.7043119363456855,0.8671630339170133,0.19293956880291455
-0.47,0.6926216451321916,0.7036771233215074,0.8670234103371416,0.19259726456564813
-0.468,0.6921990459402078,0.7030433643263876,0.8668838587446158,0.1922550395045041
-0.466,0.6917771409159885,0.7024125069187627,0.8667449246631271,0.19191341232427728
-0.464,0.6913553852250082,0.7017794101117263,0.8666060672212405,0.1915730529808681
-0.462,0.6909340863117034,0.7011464230990925,0.8664674506560068,0.19123272420293305
-0.46,0.6905131338562394,0.7005154000199297,0.8663271263018755,0.1908929666878169
-0.458,0.6900921942583539,0.699885494290963,0.8661895374512157,0.1905544339067041
-0.456,0.6896700768988153,0.6992548154809739,0.8660478143519397,0.19021637059710375
-0.454,0.6892498537638561,0.6986253504573876,0.8659091523479049,0.1898788980036221
-0.452,0.6888303650995847,0.6979973869570755,0.8657697766715056,0.18954225400789637
-0.45,0.6884109808912131,0.6973684892599458,0.8656300663063381,0.18920606932441694
-0.448,0.6879912991623495,0.6967399227374184,0.8654908770105524,0.18887053822216135
-0.446,0.6875721139266066,0.6961144949738922,0.8653527297923389,0.18853546838390456
-0.444,0.6871536451179484,0.6954866822245811,0.8652114431287109,0.18820124340413164
-0.442,0.686736768549682,0.6948613630619112,0.8650737195505817,0.18786765497355803
-0.44,0.6863165616502315,0.6942354867708349,0.8649355866956487,0.18753444206678258
-0.438,0.6858991155773834,0.6936109726617165,0.8647952234608857,0.1872023542353234
-0.436,0.6854815061820473,0.6929875656424045,0.8646563422914665,0.18687060658067162
-0.434,0.685065859235025,0.6923622025623376,0.8645151334985065,0.18653940259987625
-0.432,0.6846481171080471,0.6917387307268874,0.8643774242675472,0.18620903903571986
-0.43,0.6842304647887052,0.6911174942285365,0.864237637832709,0.18587912877158413
-0.428,0.6838150081066762,0.6904937892377505,0.8640977162055777,0.18555012830729403
-0.426,0.6833985637013672,0.6898730883506742,0.8639580473520055,0.18522178745568907
-0.424,0.6829841172050112,0.6892512579040191,0.8638195206903488,0.18489349846529557
-0.422,0.6825677074082775,0.6886317348003862,0.8636802918517126,0.18456656991436576
-0.42,0.6821540851994714,0.6880113282300393,0.8635401776611612,0.1842395238152127
-0.418,0.6817377308616294,0.6873924841496613,0.863401069410004,0.18391349299881293
-0.416,0.6813235676670927,0.6867743960712283,0.8632612308769423,0.18358833219946447
-0.414,0.6809100521179366,0.6861556172641852,0.863124327347864,0.18326333686969087
-0.412,0.6804958092067307,0.6855385555747895,0.8629825536478526,0.18293932506112104
-0.41,0.6800821628495668,0.6849191700521677,0.8628439697159856,0.18261563946397108
-0.408,0.6796686217233422,0.6843042217125028,0.8627044603047249,0.1822926863119696
-0.406,0.6792562912654617,0.683689300278623,0.862565895565191,0.18197053183640702
-0.404,0.6788430664978268,0.6830732854763469,0.8624250374783462,0.18164870500177246
-0.402,0.6784314433413507,0.6824591976362825,0.8622881189951201,0.18132748205224694
-0.4,0.6780182774932642,0.681846213520643,0.8621486298497164,0.1810072222587508
-0.398,0.6776074408761377,0.6812296225112338,0.8620076602482031,0.18068675803971757
-0.396,0.6771965016154009,0.6806161335335099,0.861868156762099,0.18036783454447927
-0.394,0.6767852850629751,0.6800056448151771,0.8617280149712161,0.18004922890696395
-0.392,0.6763728288730616,0.6793924860500656,0.861588170978305,0.17973136456739622
-0.39,0.6759627322953192,0.678782502336657,0.8614492494944934,0.1794139322131322
-0.388,0.6755541758058996,0.6781710373531481,0.8613104292957005,0.1790968858543735
-0.386,0.6751440745598989,0.6775605846714542,0.8611714027330787,0.1787806761304352
-0.384,0.6747348637927614,0.6769509819574516,0.8610323012272257,0.17846534017623422
-0.382,0.6743243958994575,0.6763426676676942,0.8608922282262087,0.1781497539522987
-0.38,0.6739169367191393,0.6757321231187042,0.8607535789063295,0.17783554071847316
-0.378,0.6735069960422995,0.6751264979079913,0.8606116405572399,0.17752169980664628
-0.376,0.6730991303997486,0.6745180237321899,0.8604734888398883,0.17720854661093224
-0.374,0.6726924314172165,0.6739101751142431,0.860333026414669,0.17689586311349167
-0.372,0.6722829586256552,0.6733043343054936,0.8601921479165506,0.17658392124291802
-0.37,0.6718757865519915,0.672697930663489,0.860053223747513,0.1762724671561119
-0.368,0.6714680043470603,0.6720929714323162,0.8599141269463397,0.17596147132322154
-0.366,0.6710617886025615,0.671486939114157,0.8597752572490235,0.17565150596349838
-0.364,0.6706546286906602,0.6708835454438206,0.859635939391905,0.17534129745820842
-0.362,0.6702488667670484,0.6702811194997998,0.8594961727932312,0.1750323330433596
-0.36,0.6698413031478724,0.6696782417559577,0.8593536261156923,0.17472421563815665
-0.358,0.6694367966131687,0.6690752053968705,0.8592166682874891,0.17441622166716478
-0.356,0.6690312325378582,0.6684734264903743,0.8590766789775632,0.17410891597049527
-0.354,0.6686256054248608,0.6678717440945295,0.8589382670200917,0.17380233066616535
-0.352,0.6682207902072941,0.6672710245602871,0.8587993126112513,0.17349553836354947
-0.35,0.6678164197998862,0.666670490490064,0.8586583445681335,0.17319057073959085
-0.348,0.6674117286091436,0.66607106705216,0.8585189612797172,0.1728853252216555
-0.346,0.6670069530101786,0.6654724262018942,0.8583803592742776,0.17258091139985496
-0.344,0.666605550489002,0.6648736592382051,0.8582395699729525,0.17227735102572864
-0.342,0.6662014743178079,0.6642754783427453,0.8581004114972856,0.17197381299523512
-0.34,0.665797833961789,0.663676271384076,0.8579589828969738,0.17167149894834463
-0.338,0.6653959369623592,0.6630801471387925,0.8578186021310937,0.1713695207263446
-0.336,0.6649935256291597,0.6624853118531929,0.8576811123900027,0.17106767521573776
-0.334,0.6645900113335175,0.6618891472302341,0.8575409150230433,0.17076697260047163
-0.332,0.6641884526128717,0.6612924458000304,0.8574006834830726,0.17046633866744026
-0.33,0.6637870895733274,0.6606980920743859,0.8572615025331553,0.1701665581498759
-0.328,0.6633854267566686,0.6601035343804851,0.8571213204654485,0.16986768556476614
-0.326,0.6629843475836021,0.6595116711991821,0.8569804771906568,0.16956874192090446
-0.324,0.662583098441945,0.658917266921779,0.8568410876898549,0.16927052671088777
-0.322,0.6621836162325431,0.6583252714687542,0.8567014315040392,0.16897338152423758
-0.32,0.6617836117622259,0.6577324558416453,0.8565612673773786,0.16867649323962966
-0.318,0.6613831540422123,0.6571412461154521,0.8564214440236417,0.16837989140546875
-0.316,0.6609847848114434,0.6565506892008356,0.8562804628932056,0.16808411242097773
-0.314,0.6605833523660837,0.6559591540914594,0.8561425123585902,0.16778858982271813
-0.312,0.6601848329071656,0.6553707179300087,0.856002609381841,0.1674939322123128
-0.31,0.6597874916796317,0.6547808593004381,0.8558618855286484,0.16720013074680484
-0.308,0.6593896136883873,0.6541931389096809,0.8557217959634913,0.1669062202541863
-0.306,0.658989615571805,0.6536034170897058,0.8555847170507367,0.16661326095195916
-0.304,0.6585930738879284,0.6530173032017834,0.8554436289240981,0.16632068881471493
-0.302,0.6581945341925896,0.6524290589738704,0.855303195567006,0.16602913526349009
-0.3,0.657797835954802,0.6518429603873257,0.8551637281414357,0.16573757782966722
-0.298,0.6574008178778213,0.6512580947059672,0.8550226453042069,0.1654465596029065
-0.296,0.6570039221438941,0.6506717319967976,0.8548824012774051,0.1651564120480358
-0.294,0.6566070627066549,0.6500864775716481,0.8547427417550866,0.16486647092951248
-0.292,0.656211043735452,0.6495021147838986,0.8546024503648126,0.1645776798753969
-0.29,0.6558151295129737,0.6489172333792488,0.8544624950754356,0.16428877272063902
-0.288,0.6554192194735277,0.64833547150577,0.8543246280006024,0.16400085818610033
-0.286,0.6550238762724903,0.6477532968482915,0.8541837100130242,0.16371355550232713
-0.284,0.6546285127366018,0.6471714177507875,0.8540454230311026,0.16342647807537233
-0.282,0.6542345708102244,0.6465887619802435,0.853901879492854,0.16313997465623267
-0.28,0.6538400348541769,0.6460076093872158,0.8537640352757085,0.1628539701005984
-0.278,0.6534457683210488,0.6454271731637875,0.8536234405755161,0.16256867319181537
-0.276,0.6530529828812102,0.6448471201985877,0.8534841202577058,0.16228364206603996
-0.274,0.6526592417086882,0.644267270954646,0.8533450290526727,0.16199968185926142
-0.272,0.6522660081968243,0.6436884216889842,0.8532040201736902,0.16171573059107985
-0.27,0.6518712193050933,0.643110144202692,0.853064097328904,0.1614326269408545
-0.268,0.6514789349136082,0.6425320139359942,0.8529243310087756,0.1611499456308204
-0.266,0.6510863022089474,0.6419544350299758,0.852784690754392,0.1608680781552655
-0.264,0.6506958314709314,0.6413766224919767,0.852644407601979,0.16058622635770384
-0.262,0.6503028104744196,0.6408020525655932,0.8525023999569219,0.16030562124208556
-0.26,0.6499100780012783,0.6402261710453736,0.8523625567437811,0.16002467785885569
-0.258,0.6495197640411171,0.6396510614274238,0.8522223505218286,0.15974482923255084
-0.256,0.6491284722941725,0.6390763611368593,0.8520838360920736,0.15946551345702883
-0.254,0.6487370602245184,0.6385017198934533,0.8519420608056504,0.15918644635010823
-0.252,0.6483461309772548,0.6379294789572012,0.8518018291204918,0.15890829244711718
-0.25,0.6479573733630757,0.6373547849318322,0.8516626494662944,0.15863043328864712
-0.248,0.6475669570694783,0.6367821506494179,0.8515232142795751,0.15835308149071073
-0.246,0.6471789139390192,0.6362110483512637,0.8513816896602086,0.15807608824577968
-0.244,0.6467880025454795,0.6356403719575332,0.8512417499200546,0.15779983890361915
-0.242,0.6463995689335011,0.635070275176833,0.8511013216612845,0.1575240216459373
-0.24,0.6460096851152027,0.6344989571559156,0.8509600096015164,0.1572487630079999
-0.238,0.6456215789439784,0.6339276922711823,0.850820651818176,0.1569739578921378
-0.236,0.6452327643046173,0.633359419478437,0.8506811382774949,0.15670001293688415
-0.234,0.6448455678624921,0.6327902942892534,0.8505407100069461,0.15642618927420704
-0.232,0.6444568482605303,0.6322236273017869,0.8504006371396504,0.15615291842437054
-0.23,0.6440693359720019,0.6316562976992147,0.8502604009391697,0.15588067395961652
-0.228,0.6436817052550724,0.6310871800978476,0.8501185206711185,0.15560806917315265
-0.226,0.6432950245711883,0.630522049045776,0.8499792546885785,0.1553362756384974
-0.224,0.6429092094548294,0.629955157738314,0.8498389111054128,0.15506539267918718
-0.222,0.6425228981481572,0.6293898982959638,0.8496988952271917,0.15479470907536852
-0.22,0.6421351005989355,0.6288243114175162,0.849557750491911,0.1545248632186305
-0.218,0.6417503014874321,0.6282601056914785,0.8494174791192369,0.1542550699958357
-0.216,0.6413649998289921,0.6276957163384788,0.8492757647388204,0.15398586349876794
-0.214,0.6409782574564462,0.6271324058956869,0.8491382124836705,0.1537172843874145
-0.212,0.6405955303573352,0.6265693663479536,0.8489958183397075,0.1534495200589148
-0.21,0.6402096845486248,0.6260072489885663,0.8488553629312616,0.15318186604071712
-0.208,0.6398259534412714,0.6254471149673629,0.8487150201946245,0.15291481203479662
-0.206,0.6394405516571325,0.624885155897297,0.8485748684034397,0.15264809474380675
-0.204,0.6390573327916604,0.6243220028461524,0.8484349535478742,0.15238236302519825
-0.202,0.6386735217861077,0.6237625704452369,0.8482942838710578,0.1521167619201123
-0.2,0.638290550837279,0.6232039163454558,0.8481540528907181,0.151851623243359
-0.198,0.6379068494599254,0.6226429599754211,0.8480132100427579,0.15158735888678498
-0.196,0.6375236631322297,0.622087060359925,0.8478724832053515,0.15132358893994402
-0.194,0.6371413455331492,0.6215274651224367,0.8477322170618544,0.15105939854941067
-0.192,0.6367595138952716,0.6209699838072738,0.8475906475529192,0.15079674161904247
-0.19,0.6363776858451559,0.6204115089732394,0.8474513071598533,0.1505341298235912
-0.188,0.6359946078822185,0.6198553624250225,0.8473100092574298,0.1502719341288221
-0.186,0.6356129888701081,0.6192998790819927,0.847169733025768,0.15001041124093434
-0.184,0.6352333114021546,0.618743898522485,0.8470282049849241,0.1497495725883627
-0.182,0.6348512437248038,0.6181896740243162,0.8468895977086439,0.1494891146930107
-0.18,0.6344713701285167,0.6176351083197149,0.8467492248763333,0.1492284966333572
-0.178,0.6340900575450552,0.6170808390412146,0.8466086653303505,0.14896907309889762
-0.176,0.6337090458840756,0.6165274845774982,0.8464681212141831,0.1487100161242031
-0.174,0.6333302582889965,0.6159751108218593,0.8463267777486777,0.14845175938692923
-0.172,0.6329501851016014,0.6154218768446923,0.8461862148536042,0.14819340028297573
-0.17,0.6325705249774006,0.61487061199474,0.8460450225401106,0.14793592208129377
-0.168,0.632193398695638,0.6143199012513029,0.8459058704545358,0.1476786441516067
-0.166,0.6318131559928721,0.6137683049628575,0.8457665405047864,0.14742193609702303
-0.164,0.6314360167521327,0.6132178019308486,0.8456227368562751,0.14716559848122415
-0.162,0.6310568386101498,0.6126675455936562,0.8454828758382557,0.14691005000077292
-0.16,0.6306781342928265,0.6121183082349495,0.8453428134179802,0.1466551690809182
-0.158,0.6303012965925888,0.611569929196472,0.84520093153555,0.14640038558315613
-0.156,0.6299235147924088,0.6110220579401383,0.845061017652561,0.1461457236952424
-0.154,0.6295457140966934,0.6104738077599825,0.8449201459722748,0.14589225699743238
-0.152,0.6291706212898575,0.609927192297428,0.8447771232789937,0.14563887356738942
-0.15,0.6287930774638624,0.6093815205132895,0.8446375173836281,0.145385950416833
-0.148,0.6284147451074535,0.6088349175398431,0.8444975175455348,0.1451335948494408
-0.146,0.628039187459754,0.6082889372535821,0.8443571730182136,0.14488174602128776
-0.144,0.6276633464979776,0.607743503130029,0.8442152552119829,0.1446302926195358
-0.142,0.6272872529681586,0.607199551403188,0.8440745025899782,0.14437955349895643
-0.14,0.626912549376374,0.6066552370247524,0.8439354237817369,0.14412890398323036
-0.138,0.6265370405718227,0.606110933992167,0.84379459532367,0.1438790583771914
-0.136,0.6261622145909751,0.6055684512157593,0.8436520319921877,0.14362948589110444
-0.134,0.6257876199424959,0.6050251521691782,0.8435117931969613,0.143380373354725
-0.132,0.6254141027555475,0.6044841965684363,0.8433714271014526,0.14313181806530112
-0.13,0.6250397572120452,0.6039427578211055,0.8432294537120285,0.14288384114933608
-0.128,0.6246650893086269,0.6034003297753017,0.8430904775112502,0.1426359428887392
-0.126,0.6242923253912944,0.6028616234249055,0.842947501148642,0.1423889627314034
-0.124,0.623919534912381,0.6023219741710484,0.8428071059067584,0.14214196142088803
-0.122,0.623546711802302,0.601782093135521,0.8426662426151128,0.14189622031091464
-0.12,0.6231726197609982,0.6012429814767121,0.8425253054557876,0.1416504880908725
-0.118,0.6228011500528506,0.6007040729329828,0.8423842793390772,0.14140490562117924
-0.116,0.622428030779088,0.6001655040743745,0.8422446531384575,0.14115988381557332
-0.114,0.6220572646116682,0.5996288937119127,0.8421021730054089,0.14091561382810847
-0.112,0.6216848887980707,0.5990928301302169,0.8419627569365989,0.14067146074737102
-0.11,0.6213144054721312,0.5985563772370307,0.8418197512876399,0.14042813904117066
-0.108,0.6209428602610423,0.5980200330668154,0.8416797548038045,0.14018520613379978
-0.106,0.6205711393143314,0.5974836590849524,0.8415377229092018,0.13994253909771398
-0.104,0.6201997752606403,0.5969480866160778,0.8413977901169464,0.13970042577460326
-0.102,0.6198292918248982,0.5964150660054731,0.8412565703403863,0.1394588997272213
-0.1,0.6194586002099014,0.5958817950960433,0.8411143348720653,0.13921734150569434
-0.098,0.6190899787028799,0.5953476737773654,0.840973269411513,0.13897676120056174
-0.096,0.618720772653773,0.5948153833210058,0.8408328088759377,0.13873619717425653
-0.094,0.6183497650894767,0.5942832279957094,0.8406934148167243,0.1384967100744415
-0.092,0.6179815828207085,0.5937497776567308,0.8405513405105988,0.13825717280561461
-0.09,0.6176114419492161,0.5932188100108112,0.8404092773251222,0.1380182442676007
-0.088,0.6172445647359905,0.5926894360675943,0.8402685802938727,0.13777955743429776
-0.086,0.6168755319441586,0.5921582361138904,0.8401269278893108,0.13754162558621863
-0.084,0.616508434741973,0.5916285704385245,0.839984842648628,0.13730425153193054
-0.082,0.6161386088175077,0.5910979926256121,0.8398444136340054,0.13706697300049128
-0.08,0.6157724913067684,0.5905715453743705,0.8397027552960217,0.13683011871788317
-0.078,0.6154046573533338,0.5900419885696844,0.8395638136399625,0.13659376892952946
-0.076,0.6150374821031672,0.5895147074696562,0.839420907118627,0.13635779473279971
-0.074,0.6146700248757102,0.5889875326752548,0.8392814604627287,0.1361226672663235
-0.072,0.6143032455458036,0.5884608534553158,0.8391372367880816,0.13588750501336663
-0.07,0.6139368598673207,0.5879347095168923,0.8389971577225653,0.13565310051207247
-0.068,0.6135705334853102,0.5874085854982224,0.8388556069787612,0.1354192345730162
-0.066,0.6132049253736813,0.5868828267336897,0.8387150361308182,0.1351854595844301
-0.064,0.6128405466715199,0.5863590745728681,0.8385734624532138,0.13495201517766534
-0.062,0.6124730617143991,0.5858340552597123,0.8384329506962859,0.1347194638023881
-0.06,0.612109756475415,0.585311125539444,0.8382919686633502,0.13448703608652904
-0.058,0.611745475225737,0.58478771095965,0.838148395637256,0.1342550402388037
-0.056,0.611379172625252,0.5842639411720045,0.8380067493972331,0.1340236209914079
-0.054,0.6110151968848052,0.5837418925943164,0.8378661625978973,0.13379273354474827
-0.052,0.610651481547403,0.5832194211057478,0.8377244701320465,0.13356210733939394
-0.05,0.6102874724447037,0.5826996672187761,0.8375844444557031,0.13333172632230375
-0.048,0.6099251663751597,0.5821780129952376,0.8374430634680419,0.13310213824615008
-0.046,0.6095611592006321,0.5816597038157543,0.8373015769442794,0.13287282759004398
-0.044,0.6091975061165078,0.5811383470610098,0.8371606549048547,0.13264373394989584
-0.042,0.6088338820140704,0.5806195080316057,0.8370186881100865,0.13241537420512559
-0.04,0.6084709038993459,0.5801006624208309,0.8368768263232081,0.13218765949131453
-0.038,0.6081104139466598,0.5795825930227716,0.8367364724520369,0.13195992338291945
-0.036,0.6077471366457742,0.5790636862230916,0.8365946231921135,0.131732428272146
-0.034,0.6073848365109065,0.5785465920755857,0.8364520931791484,0.13150585975630957
-0.032,0.6070238295313511,0.5780305296505945,0.8363100661747991,0.13127962098938709
-0.03,0.6066622330647417,0.5775137397965538,0.8361690140326268,0.13105338875288663
-0.028,0.6063008304157572,0.5769976086734836,0.8360265822336753,0.13082804406037926
-0.026,0.6059397980289796,0.576482696944513,0.8358855579587854,0.1306029172213867
-0.024,0.60558033531165,0.5759676671904274,0.8357450007687205,0.13037823594575929
-0.022,0.6052193722240978,0.575453264364802,0.835603075728765,0.13015421451146808
-0.02,0.6048605963123723,0.5749406505904657,0.8354611300044986,0.12993033561486164
-0.018,0.604499277900141,0.574425515994538,0.8353185472790826,0.12970696625140862
-0.016,0.6041397508200231,0.5739134960829366,0.8351785149749968,0.129484066316633
-0.014,0.6037807807313889,0.5734015945087401,0.8350365817029615,0.1292613515628175
-0.012,0.6034209225960983,0.572887628534209,0.8348943743916839,0.12903950443874435
-0.01,0.6030630629082073,0.572377307640505,0.8347530068794937,0.12881762811648154
-0.008,0.6027026916079588,0.5718663680466827,0.8346110595663786,0.1285961267149183
-0.006,0.6023450234173278,0.571357535776236,0.8344699294811938,0.12837513279057722
-0.004,0.6019871193256131,0.5708472327732302,0.8343285079276427,0.12815485162899157
-0.002,0.6016294320747074,0.5703374237154953,0.8341862957884905,0.1279347474019636
0.0,0.6012726027238207,0.5698284842060994,0.8340452552454573,0.12771513671509244
0.002,0.600914821433374,0.5693209202795778,0.8339013640188893,0.1274957250794461
0.004,0.6005584075040437,0.56881286784345,0.8337617811836221,0.12727701704841468
0.006,0.6002000246440787,0.5683052525479043,0.8336194890936622,0.1270585399036528
0.008,0.5998439656246283,0.5677981164901855,0.8334783490539338,0.1268403336587997
0.01,0.599486437831351,0.5672914354069504,0.8333370660839202,0.1266228221688186
0.012,0.5991312091114831,0.5667846782889827,0.8331945431014406,0.12640579772578134
0.014,0.5987746008266573,0.5662795022676145,0.8330534529079434,0.12618889704988315
0.016,0.5984192109483913,0.5657745549510156,0.8329105923397833,0.1259722500852052
0.018,0.598063526899177,0.5652708858862074,0.8327690617070774,0.1257562236234688
0.02,0.5977076242804219,0.5647653516718797,0.8326258461657016,0.12554049929617775
0.022,0.5973541396955574,0.5642624196354171,0.8324853550094863,0.125325384033955
0.024,0.5969995895716873,0.5637587651304404,0.832343076870915,0.1251108225162686
0.026,0.5966447893445223,0.5632554586512771,0.8322004372370462,0.12489607616563551
0.028,0.5962900178864781,0.5627531159158459,0.8320580028538505,0.12468237574615139
0.03,0.5959350301512893,0.5622534451262802,0.8319179285524267,0.1244684493498416
0.032,0.5955826595304827,0.5617523597395587,0.8317742458938194,0.12425526923214168
0.034,0.5952282685221617,0.5612508493569835,0.8316323977095409,0.12404252762468716
0.036,0.5948750951567701,0.5607500539337057,0.8314910907891391,0.12382993211131875
0.038,0.5945226509102528,0.5602500482612617,0.8313484285115004,0.12361798711712849
0.04,0.5941688811129225,0.5597523334165736,0.8312070430757115,0.12340627552204635
0.042,0.5938164925024082,0.5592525901284037,0.8310656733629158,0.12319499642041962
0.044,0.5934638558099338,0.5587533257079446,0.8309231718840542,0.12298429351067137
0.046,0.593111999752522,0.5582564179577819,0.830780463649348,0.1227736943295062
0.048,0.5927606375211716,0.5577592825945278,0.8306385611580729,0.12256381487137115
0.05,0.5924076592202462,0.557262849571141,0.8304979197427914,0.12235408227300587
0.052,0.5920574746451949,0.5567661818300824,0.8303542280151146,0.12214469483110153
0.054,0.5917067085915733,0.5562705627821524,0.8302118109308882,0.12193590020554526
0.056,0.5913554740172949,0.5557746831807553,0.8300695319313014,0.12172736262956511
0.058,0.5910045953736255,0.5552799468148897,0.8299282422970387,0.12151916765793012
0.06,0.5906532654094954,0.5547848228200615,0.8297859801300922,0.12131137679460965
0.062,0.5903029931972261,0.5542913784705292,0.8296443667737154,0.12110412395228154
0.064,0.5899544326488875,0.5537981545370303,0.8295030816741423,0.12089744578376255
0.066,0.5896054620857655,0.5533043980271999,0.8293606282010393,0.12069030142400444
0.068,0.5892554564675766,0.5528135590622429,0.8292179143452386,0.12048437555546249
0.07,0.588905129896769,0.5523204362579683,0.8290744706932124,0.12027829105236264
0.072,0.5885561764563036,0.5518284208277993,0.8289335832565863,0.1200729498619361
0.074,0.5882077164121425,0.551336937959195,0.8287906352100476,0.11986793790417265
0.076,0.5878578173846221,0.5508461151427346,0.8286495586403188,0.11966325990478921
0.078,0.5875100597788919,0.5503564746475175,0.8285063176410747,0.11945863540633293
0.08,0.5871617593095965,0.5498669284352712,0.8283630819909455,0.11925517864378302
0.082,0.586815336113081,0.5493775946930768,0.8282220554034152,0.11905119104643226
0.084,0.5864676579575647,0.5488877013138048,0.8280811630147674,0.11884812185747372
0.086,0.5861202348402637,0.5484001750762493,0.8279385872381251,0.11864537752261556
0.088,0.5857731192430135,0.5479128227855242,0.8277964387812552,0.11844306550691917
0.09,0.5854258425261503,0.5474243116021724,0.8276531097562505,0.11824079654343676
0.092,0.5850794120017243,0.5469387164316987,0.8275106948999829,0.11803920551101159
0.094,0.5847329083271421,0.5464517798052432,0.8273674190002307,0.11783786998376615
0.096,0.5843859365652472,0.5459658370580129,0.8272251913015884,0.1176367781478347
0.098,0.5840413014455975,0.5454806336204252,0.8270841844589099,0.11743633533503417
0.1,0.583694139005565,0.5449956063782861,0.826941193293793,0.11723638413636342
0.102,0.583349656603524,0.5445105147921744,0.8268006759485217,0.11703644841427466
0.104,0.5830034313407139,0.544026932513642,0.826655658577903,0.11683709914884599
0.106,0.5826587329610532,0.5435430415383354,0.826514122930522,0.11663790578412125
0.108,0.5823142276194838,0.5430592215723369,0.8263708735502195,0.11643938674847822
0.11,0.5819688848015299,0.542576844657648,0.8262288254813528,0.1162406956066791
0.112,0.5816247781930213,0.5420947893896723,0.8260868579362634,0.11604302506372836
0.114,0.5812813852133165,0.541612902832153,0.8259429484390627,0.11584518341842437
0.116,0.5809378291595516,0.5411311703446161,0.8258000535348187,0.11564779823347283
0.118,0.5805927003192772,0.5406514762684523,0.8256582978483551,0.11545122755436084
0.12,0.5802500380293248,0.5401704745214995,0.8255166948007641,0.11525464898360945
0.122,0.5799073767724237,0.5396910812480216,0.8253744066196935,0.11505852643258871
0.124,0.5795638373260372,0.5392115018393734,0.8252304366267607,0.11486278252292621
0.126,0.5792216826575445,0.5387317745857535,0.8250879241026196,0.11466724562673836
0.128,0.5788779554318707,0.538252705198276,0.8249471882396987,0.11447230203467831
0.13,0.5785364599282576,0.5377761327435533,0.8248038789650607,0.11427706444516694
0.132,0.5781931600837777,0.5372978738778181,0.8246601992374207,0.11408302652686786
0.134,0.5778527667350819,0.5368210461859593,0.8245165861648974,0.11388906096753017
0.136,0.5775112164062024,0.5363437169749027,0.8243752336874411,0.11369576961545384
0.138,0.5771686877539389,0.5358676543212798,0.8242335295935261,0.11350219279819035
0.14,0.5768273437046127,0.535391047360382,0.824089987754226,0.11330930307511863
0.142,0.576487733123382,0.5349167968252003,0.8239473093273755,0.11311672295037056
0.144,0.5761473909184297,0.534442358142504,0.8238058059998012,0.11292463063629728
0.146,0.5758071134306544,0.5339665155415594,0.8236624847709191,0.11273250515109627
0.148,0.5754662256384062,0.5334932535397919,0.8235183800528819,0.11254109309693816
0.15,0.5751261579780986,0.5330192900626135,0.8233768664565871,0.112350013125742
0.152,0.5747869817175891,0.5325465932112282,0.823232708117702,0.11215928432395754
0.154,0.5744468555985575,0.5320735840567852,0.8230923385465161,0.11196878389707055
0.156,0.5741082116320366,0.5316016427620018,0.8229489996142193,0.11177883701270153
0.158,0.5737677892678559,0.5311304260447415,0.8228068634607697,0.11158889282102812
0.16,0.5734292665698248,0.5306597589099323,0.8226616267055731,0.11139941970991343
0.162,0.5730915330939992,0.530188548216177,0.822520384126046,0.11121039906637134
0.164,0.5727521256709917,0.5297189570573666,0.8223769686279508,0.11102195939770451
0.166,0.5724135551729199,0.5292487678580315,0.8222345895458317,0.11083346335777658
0.168,0.5720771157243792,0.528778764327936,0.8220897282289026,0.11064546098079531
0.17,0.5717384821354461,0.5283111854517707,0.8219480278382756,0.11045777926353945
0.172,0.5714024598311842,0.5278414959859953,0.8218065282700491,0.11027056574513747
0.174,0.5710637080264022,0.5273738274329108,0.821663777171792,0.11008327911700193
0.176,0.5707271177677964,0.5269059524397344,0.8215189074352458,0.10989706610967345
0.178,0.5703909068026599,0.5264390047148898,0.8213786412463079,0.10971052701511409
0.18,0.5700537736417337,0.5259723473972978,0.8212350892601763,0.10952463040681103
0.182,0.5697177978839836,0.525505965137992,0.821089993900563,0.10933895855305725
0.184,0.569381112468634,0.5250401436683412,0.8209475225851617,0.10915384697200849
0.186,0.56904348325386,0.5245741758560228,0.8208057722347104,0.10896889009484695
0.188,0.568709273908706,0.5241096308853566,0.8206620964377668,0.10878418363913268
0.19,0.5683731326779367,0.5236455074323514,0.8205196435794277,0.10859988072155691
0.192,0.5680379815619582,0.5231810253141427,0.8203762857576282,0.10841620273935722
0.194,0.5677035980990051,0.5227176206715535,0.820233279025715,0.10823262083434969
0.196,0.5673689238087514,0.5222558398652687,0.820090723976133,0.1080494802053359
0.198,0.56703351172045,0.5217922358130578,0.8199476962664308,0.10786644187221668
0.2,0.5667001189106038,0.5213304092274834,0.8198035528689722,0.10768388243278679
0.202,0.5663654563351803,0.5208688240758078,0.8196609370553077,0.1075018820065926
0.204,0.5660316062784166,0.5204069815273337,0.8195185103898688,0.10731977251500402
0.206,0.565697511600117,0.5199467522008835,0.8193736690638587,0.10713810517248015
0.208,0.5653645318013925,0.5194860755202287,0.8192312948375503,0.10695694187168932
0.21,0.5650310951532058,0.5190267096366725,0.8190882785775012,0.1067760565016319
0.212,0.5646968797507373,0.5185666007222185,0.8189467160627139,0.10659579616725136
0.214,0.5643652778743167,0.5181078495657221,0.8188013389798772,0.10641566012043636
0.216,0.5640335649358433,0.5176485050435389,0.8186587613676237,0.10623544270306783
0.218,0.5637001855748393,0.5171908913101088,0.8185154151680393,0.10605593050924682
0.22,0.5633677391906162,0.5167325351266318,0.818373151049691,0.10587666907063979
0.222,0.5630359867955473,0.5162758578998504,0.8182297538371184,0.10569784588008178
0.224,0.5627043984304586,0.5158185405912709,0.8180857542771386,0.10551916974613898
0.226,0.562372149022575,0.5153623400657162,0.8179437383685136,0.10534121045108022
0.228,0.5620416750712782,0.5149060286397984,0.8177999665673813,0.1051631986069634
0.23,0.5617108568322589,0.5144505783144743,0.8176562564920593,0.10498545618475368
0.232,0.5613800432500343,0.513995199731029,0.817512730272661,0.10480839621879372
0.234,0.5610491522860086,0.5135408404812455,0.8173699637710317,0.10463124941301565
0.236,0.560719081653502,0.5130871928738204,0.8172265679960844,0.10445471911134382
0.238,0.5603879797318323,0.5126320535924686,0.8170829325595412,0.10427845299335159
0.24,0.5600590721630343,0.5121803887954572,0.8169403864675776,0.10410222965141498
0.242,0.559728846069829,0.5117266367781046,0.8167967070958589,0.10392656958462163
0.244,0.5593992675735769,0.5112740688951339,0.816653448314351,0.10375146827887656
0.246,0.5590708929994994,0.5108225476502841,0.8165094219015935,0.1035762369806305
0.248,0.558740958590659,0.5103711842243931,0.8163673908553497,0.10340163049867582
0.25,0.5584124685697893,0.5099197234085179,0.8162233860022359,0.10322731542455622
0.252,0.558083063019875,0.5094683793874628,0.8160790140493865,0.10305334323125429
0.254,0.5577552133182107,0.5090183132063169,0.8159360699605743,0.10287964427616178
0.256,0.5574274618192434,0.5085690454398923,0.815790985722909,0.10270616962562722
0.258,0.557098168733089,0.5081192885437726,0.8156491514690605,0.10253309988291885
0.26,0.5567711165853758,0.5076700942804244,0.8155065631785977,0.10236013718931761
0.262,0.5564423528290261,0.5072221150195512,0.815362877773376,0.1021880029281921
0.264,0.5561163787702376,0.5067745480183545,0.8152178895066471,0.10201569041082306
0.266,0.5557886143011834,0.5063257287792041,0.8150737231294106,0.10184372679423545
0.268,0.555462166224355,0.5058797535123597,0.8149329201381528,0.10167244501505798
0.27,0.5551352916041682,0.5054332266678011,0.8147887877585329,0.10150121121377612
0.272,0.5548087236727741,0.504985641385843,0.8146447889011961,0.10133033142923391
0.274,0.5544807186959966,0.5045402142436336,0.8145023304793376,0.10115960973549153
0.276,0.5541570050566965,0.5040948384726759,0.8143573308576348,0.10098931585054398
0.278,0.553830074788026,0.5036487392348897,0.8142147456714632,0.10081939074446011
0.28,0.5535042426317447,0.503204868850245,0.8140711336884793,0.10064978343897021
0.282,0.5531789410872273,0.5027614588331022,0.8139267324926915,0.10048039998310274
0.284,0.5528537744870936,0.5023172971213379,0.8137821078774493,0.10031138080736031
0.286,0.5525279174312625,0.5018732825091772,0.8136392474290912,0.10014274303203391
0.288,0.5522041982896523,0.5014307254488072,0.8134967059311836,0.09997433501521123
0.29,0.5518794445386821,0.5009872709814907,0.8133539563811845,0.09980613155746486
0.292,0.5515548454514905,0.5005461490987672,0.8132078226385243,0.09963838775046001
0.294,0.5512312873917883,0.5001045591984121,0.8130654295732881,0.09947086814900355
0.296,0.5509066022019111,0.4996631969959044,0.8129221538058801,0.09930368329931005
0.298,0.5505837250405586,0.49922245827297107,0.8127773735259592,0.09913691084946054
0.3,0.5502597323334788,0.49878227916159446,0.8126330674372324,0.09897011831512813
0.302,0.5499357927763965,0.4983426197898148,0.8124893292970921,0.09880396320542029
0.304,0.54961308294531,0.4979028883382066,0.8123462483981084,0.09863786434639787
0.306,0.5492891446264752,0.49746454066641055,0.8122030672046388,0.09847223904880954
0.308,0.5489685752274125,0.49702513085508604,0.8120582626389161,0.0983069053038719
0.31,0.5486446756375396,0.49658808274597277,0.8119142361418654,0.09814187760966274
0.312,0.5483225198149085,0.49614942649316607,0.8117707999196523,0.09797695153877166
0.314,0.5480015081750004,0.495711479157359,0.8116283844828697,0.0978126009701635
0.316,0.547679173425422,0.4952745287034453,0.8114847333072321,0.09764848724971388
0.318,0.5473570683117961,0.4948386666649164,0.8113395055895303,0.09748469978098728
0.32,0.5470369640711159,0.4944024750826538,0.811194748452478,0.09732093564335347
0.322,0.546715228871452,0.4939663333749646,0.8110530555314542,0.09715760740677724
0.324,0.5463937350981003,0.4935314413191267,0.810907359007397,0.09699474530051906
0.326,0.5460731446222163,0.4930961887733408,0.8107643731411642,0.09683198268088838
0.328,0.5457517339949122,0.4926624641059738,0.810620774486681,0.09666973247470596
0.33,0.5454323861673309,0.492229298499675,0.8104768974390065,0.09650750929937105
0.332,0.5451117064289442,0.49179392659815574,0.8103335251000032,0.09634574368774577
0.334,0.5447932842699268,0.49136134680276905,0.8101887092587772,0.09618419640987382
0.336,0.5444730734643268,0.4909281416684977,0.8100452001639954,0.09602311565795024
0.338,0.5441530843384482,0.49049644861212144,0.8099015470046919,0.09586209163858528
0.34,0.5438333720861088,0.49006388572240067,0.8097568966892976,0.09570160340666196
0.342,0.5435151122920053,0.48963352597487797,0.8096143921934714,0.09554111143617923
0.344,0.5431961167215882,0.48920276916288774,0.8094692686094443,0.09538123454986099
0.346,0.5428769873717153,0.4887709610042904,0.8093258609983544,0.09522144866721509
0.348,0.5425582349891953,0.48833987347913455,0.809181422714285,0.0950618465443134
0.35,0.5422398790569852,0.48791115979784294,0.8090352570831849,0.0949028567655931
0.352,0.5419217346502135,0.48748164764273233,0.8088938117194434,0.09474393465447073
0.354,0.5416030109092278,0.48705266668966124,0.8087488522353796,0.0945852794040883
0.356,0.5412873522960102,0.4866232930721718,0.8086059313736655,0.09442713365004325
0.358,0.5409686844417299,0.4861960992966055,0.8084607320233902,0.09426911822583586
0.36,0.5406501535674563,0.4857682065047027,0.8083170684208247,0.09411130957658564
0.362,0.5403346113909667,0.4853404876447504,0.8081731137248799,0.09395369177687689
0.364,0.5400183825950071,0.4849141133223407,0.8080277477915345,0.09379662003213834
0.366,0.5397011298356792,0.48448657171945886,0.8078840576553389,0.09363960705245034
0.368,0.5393851555072898,0.4840616597384096,0.8077397651652302,0.09348313918839077
0.37,0.5390687505890505,0.4836356011806352,0.8075960315614887,0.09332684689683679
0.372,0.5387527288894515,0.48321084209715587,0.8074513992086029,0.09317093548536605
0.374,0.5384367043587703,0.48278546562412666,0.8073079415986048,0.09301512071277249
0.376,0.5381215773992668,0.4823613275592777,0.8071648395559818,0.09285963501665659
0.378,0.537805086420215,0.48193807855551013,0.8070202107128743,0.09270460533251375
0.38,0.5374899979638509,0.4815140387512342,0.8068746448576004,0.092549754589678
0.382,0.5371770138195938,0.4810903279098136,0.8067316277787674,0.09239513884752784
0.384,0.5368610760630372,0.4806671111073776,0.8065862910247461,0.09224076210843223
0.386,0.5365469276882063,0.4802454891502274,0.8064431268477126,0.09208645738864617
0.388,0.5362316635955949,0.4798236483702159,0.8062972307853831,0.09193280851896105
0.39,0.5359175173927962,0.4794028602564696,0.8061551962614839,0.09177939552499746
0.392,0.5356035599085258,0.47898102410762183,0.8060089634211588,0.09162624647802747
0.394,0.5352901742777069,0.47856053899701617,0.8058642977412476,0.09147324638297963
0.396,0.5349767183877552,0.4781401306676424,0.8057204969306089,0.0913205712505999
0.398,0.5346633745454223,0.47771940211458475,0.8055780184219783,0.09116808243556201
0.4,0.5343502345546519,0.47729972788683317,0.80543295819786,0.09101605074751744
0.402,0.534037677125519,0.4768809018425349,0.8052886531487126,0.09086433920136493
0.404,0.5337247225269858,0.47646268090798516,0.8051446085596352,0.09071265589641521
0.406,0.5334116378706327,0.4760441255843068,0.8049991082879403,0.09056131140117266
0.408,0.5330999550725966,0.4756262819562232,0.8048546046509495,0.09041041591468525
0.41,0.532787519435641,0.4752092383427112,0.8047112021999476,0.09025955700808702
0.412,0.5324752883754419,0.47479217867064516,0.804566293403242,0.0901090352922995
0.414,0.5321634734067988,0.4743745164910577,0.8044215808630971,0.08995897016083408
0.416,0.5318521508986914,0.47395901734224694,0.8042778671360755,0.08980892305284582
0.418,0.5315406759982058,0.47354240394417946,0.8041334204934677,0.08965936466752153
0.42,0.5312295921257091,0.4731280383338299,0.80398895123734,0.08950999267266199
0.422,0.5309189282674074,0.47271204290082236,0.8038439823260677,0.08936084256671592
0.424,0.5306079078380254,0.4722973082227353,0.8036987561632426,0.08921208598276517
0.426,0.5302964569632979,0.47188287510082083,0.803554088426722,0.08906341515171837
0.428,0.5299864350384449,0.4714683917360707,0.8034099263691692,0.08891513538841839
0.43,0.5296773046463913,0.4710561532692824,0.8032656780488908,0.08876695408065363
0.432,0.52936743604427,0.4706431106306622,0.8031220839951949,0.08861942029934836
0.434,0.5290580989402495,0.4702305810268505,0.8029775027218826,0.08847179121886671
0.436,0.5287475204105117,0.4698174285509973,0.8028319892508077,0.08832457039262682
0.438,0.52843885853049,0.46940622226525197,0.8026886028877032,0.0881776140959542
0.44,0.528129036518318,0.4689952174580442,0.8025420111521016,0.08803080628990595
0.442,0.5278208550479597,0.4685836296585563,0.802398604764959,0.08788445942771285
0.444,0.5275116596431185,0.4681735538802643,0.8022533764199495,0.08773821762297633
0.446,0.5272035871718452,0.4677630253621358,0.802109315842102,0.08759244875940325
0.448,0.526895651860352,0.4673529548580134,0.801965775438862,0.08744675438985551
0.45,0.5265875017645831,0.4669439620286668,0.8018202559818847,0.08730109493240164
0.452,0.52627843606582,0.4665348581227337,0.8016751997022783,0.08715629416009653
0.454,0.5259720630887398,0.4661256260312284,0.8015305819996978,0.0870112952922616
0.456,0.5256636438599894,0.46571705720345496,0.8013866791795434,0.0868666669072875
0.458,0.5253554895438678,0.46530959603979055,0.8012420742502975,0.08672233175304848
0.46,0.525048671496972,0.4649014817909135,0.8010961918109119,0.08657819249671203
0.462,0.5247425619609072,0.46449465770250986,0.8009522075724466,0.08643453555073606
0.464,0.5244355362047696,0.4640884845203718,0.8008069423577913,0.08629077402357536
0.466,0.5241288497040197,0.4636819782701662,0.8006635297139691,0.08614755178429459
0.468,0.5238227690663314,0.46327589434963523,0.8005184760374265,0.08600462698107388
0.47,0.5235159741089046,0.46287098505736834,0.8003732026678391,0.08586157042864276
0.472,0.5232107325890121,0.46246502164172965,0.8002283285181957,0.08571906998868914
0.474,0.52290460550019,0.46206100661896315,0.8000832282886278,0.0855768084734363
0.476,0.5226006633887368,0.46165608922175455,0.7999400180672465,0.08543495206390485
0.478,0.5222936224056778,0.4612523069836845,0.7997928489555669,0.08529304764931091
0.48,0.5219886059344365,0.4608487110112863,0.7996504948005606,0.08515147676158817
0.482,0.5216845790644973,0.4604460921812827,0.7995047265929821,0.08501032391890245
0.484,0.5213787603373051,0.4600424624852094,0.7993578990160976,0.08486909904100341
0.486,0.5210748366580209,0.45964005737768066,0.7992147587772136,0.08472849790515966
0.488,0.5207696479760032,0.45923857810036395,0.7990705480578418,0.0845881167583873
0.49,0.5204653870544187,0.45883649832520906,0.7989246932090797,0.0844476418131808
0.492,0.5201615513727215,0.4584352895260954,0.798779647135671,0.08430782943201416
0.494,0.5198578489650545,0.4580342888603247,0.7986351974099538,0.08416813928500816
0.496,0.5195544245218565,0.45763423659742775,0.7984895052226756,0.08402845053653805
0.498,0.519251723963391,0.4572332625783001,0.7983464799330583,0.0838892565448044
0.5,0.5189477550525564,0.4568346904869303,0.798199803408691,0.08375031172745562
0.502,0.518645203697342,0.4564354222995787,0.7980550226577606,0.08361160252927384
0.504,0.5183413916037923,0.4560369050830393,0.7979100214913387,0.08347299698495542
0.506,0.5180389035765992,0.4556375806467334,0.797765584383538,0.08333464857140481
0.508,0.5177380714370866,0.4552401523313054,0.7976192063226897,0.08319670843064549
0.51,0.5174350350572804,0.45484174393419774,0.7974772968428654,0.08305905344549615
0.512,0.5171328867424883,0.4544438111529451,0.7973297316332667,0.08292146788235087
0.514,0.5168304642980603,0.45404736779665084,0.79718559095001,0.08278424677501461
0.516,0.5165294332511222,0.45364979866088584,0.797040408834645,0.08264714518928608
0.518,0.5162271930897976,0.45325492203683015,0.796895537064019,0.08251050513028979
0.52,0.5159255721420144,0.45285874110384766,0.796751210387816,0.0823739441460786
0.522,0.5156249688179416,0.45246334622814177,0.7966050794480635,0.08223772438812488
0.524,0.5153235972453971,0.45206869273095807,0.7964612051789429,0.082101625952028
0.526,0.5150237513271348,0.4516730451246229,0.7963161232135749,0.08196593031168563
0.528,0.5147241008857063,0.4512794823076934,0.7961707918372061,0.08183034717086483
0.53,0.5144228054175058,0.450885313214334,0.7960250200401369,0.08169505154955699
0.532,0.5141220825957417,0.4504921201295463,0.7958802614365309,0.08155995862646757
0.534,0.5138229918650618,0.450099492189552,0.795736326478208,0.08142530632948827
0.536,0.5135234009181744,0.4497061042814235,0.7955900588658917,0.08129050016156289
0.538,0.5132224354855279,0.44931341754804593,0.7954454869660796,0.0811561494583243
0.54,0.5129249813628474,0.4489216411575548,0.7952989830202,0.081022192558572
0.542,0.5126259845820506,0.44853020832730095,0.7951546942683512,0.08088830410043513
0.544,0.5123261763971576,0.44813813607984143,0.7950096584375461,0.08075468105678932
0.546,0.512026367016976,0.4477487214988901,0.7948645905167565,0.0806215358910652
0.548,0.511728619476781,0.4473568619973884,0.7947191913959334,0.08048818749802468
0.55,0.5114291923178075,0.4469671187887898,0.7945741962954822,0.08035513029570769
0.552,0.5111323340384739,0.4465778562591707,0.7944289713560911,0.08022272830945307
0.554,0.5108335108456542,0.4461882503440253,0.7942841895739905,0.08009011956981442
0.556,0.5105358012948904,0.44579947301881656,0.7941377163496488,0.07995797775494165
0.558,0.5102384005913054,0.4454107701453843,0.793993791031523,0.07982600896874623
0.56,0.5099407160239325,0.445023048029638,0.7938478708278032,0.07969433932561804
0.562,0.5096441308169836,0.4446353834138313,0.7937026791207804,0.07956275585784144
0.564,0.5093468390358633,0.44424745599054194,0.793557434388118,0.07943164934252624
0.566,0.509049497254422,0.4438600169402351,0.7934128290260674,0.07930051666235395
0.568,0.5087530598266625,0.4434730223455747,0.7932656544271962,0.07916987422179511
0.57,0.5084563662875217,0.44308720096599175,0.7931207491288111,0.07903920815996443
0.572,0.5081604981756727,0.4427011158640385,0.7929767381288482,0.07890903413384306
0.574,0.5078636666600815,0.4423149906646248,0.7928297772975288,0.07877878823186753
0.576,0.5075687254936784,0.44192964122674105,0.7926843483145579,0.07864917240710065
0.578,0.5072727395335039,0.4415454309919111,0.7925391453019576,0.07851943491649982
0.58,0.5069774015345508,0.44116075711117697,0.792395211004186,0.07839013633132053
0.582,0.5066815893351821,0.4407765132802533,0.7922491483950066,0.07826092067918453
0.584,0.5063865822281018,0.44039261383120304,0.7921031416333738,0.0781318779365275
0.586,0.5060914433060302,0.4400095541467473,0.7919582105851096,0.07800337331804577
0.588,0.5057963767487504,0.4396265135721233,0.7918128426810486,0.07787467874683184
0.59,0.5055021950727875,0.43924383466298617,0.7916680767855082,0.07774667846841679
0.592,0.5052073618854761,0.4388608710064104,0.7915223793664519,0.07761865480772456
0.594,0.5049128108288481,0.4384795030340801,0.791377138840231,0.07749066300890825
0.596,0.5046192242712755,0.43809798947019263,0.791232106870743,0.07736316199970973
0.598,0.5043254833034465,0.43771783396468994,0.7910861247200432,0.07723587716527196
0.6,0.5040317681751315,0.4373356566079377,0.7909404807154555,0.07710886051724522
0.602,0.5037383132805314,0.4369555332938055,0.7907950149838449,0.07698210789044635
0.604,0.5034453249709376,0.43657594983841674,0.7906492328965428,0.07685515017714324
0.606,0.5031513134602529,0.4361961320526224,0.7905041244469534,0.0767288819039593
0.608,0.5028583489717517,0.4358158910347008,0.7903601838756851,0.07660274119934138
0.61,0.5025657554512708,0.4354370071627831,0.7902136540043482,0.07647668154476092
0.612,0.5022734725552614,0.43505847676301934,0.7900681167863363,0.07635097032746618
0.614,0.5019817165089409,0.43467991867127986,0.789922823057211,0.07622543910820977
0.616,0.5016887402764393,0.4343026623171151,0.7897768286276122,0.07610011592790823
0.618,0.5013968943357083,0.43392589157596795,0.7896310702108698,0.0759751521978891
0.62,0.501104983085941,0.43354802618291666,0.7894854202663191,0.07585027968670385
0.622,0.5008132590664557,0.43317183372543827,0.7893393291810672,0.07572556096293762
0.624,0.5005213177442627,0.43279522201134796,0.7891955778803736,0.0756010501898461
0.626,0.5002308546549029,0.4324185191870705,0.7890480572468351,0.07547702425242915
0.628,0.49993904104790243,0.43204393320589013,0.7889032761367648,0.07535305413464771
0.63,0.49964906120215963,0.43166830388853256,0.7887581364765849,0.07522925974695
0.632,0.4993576411589246,0.4312931021737653,0.788612196685224,0.07510583695700183
0.634,0.49906638444504137,0.4309188563519132,0.7884669804348549,0.07498252522812089
0.636,0.498776778654701,0.4305452313193867,0.7883202521691001,0.07485926358866601
0.638,0.49848619896887686,0.430169733355697,0.7881749790225042,0.07473651669194202
0.64,0.49819612422845927,0.42979749337558804,0.788027822270813,0.07461376626227763
0.642,0.4979064833117527,0.42942384801254174,0.787883781817399,0.07449141496560616
0.644,0.4976167667089616,0.4290504119418306,0.7877366803319908,0.07436918217554064
0.646,0.49732759471622434,0.4286792411617147,0.7875911501053983,0.07424728347206694
0.648,0.49703886001316966,0.4283062787362035,0.78744565883162,0.0741254719041497
0.65,0.49674948036927086,0.42793459081494795,0.7872995529823479,0.07400380445652671
0.652,0.49646048119400105,0.42756381860391823,0.7871549684523147,0.0738824997282881
0.654,0.4961718298142817,0.42719274092112813,0.787008281625652,0.07376126246992881
0.656,0.49588350901731354,0.4268219148616132,0.7868630876480921,0.0736405038964088
0.658,0.49559505028211726,0.42645263564953423,0.7867192676655076,0.07351970778475324
0.66,0.4953066580007108,0.42608138879716234,0.786571173847418,0.0733991466582135
0.662,0.4950189338589809,0.42571209863275267,0.7864255648723324,0.07327891188274892
0.664,0.4947306367712505,0.4253426406548184,0.7862819581270992,0.07315885252548014
0.666,0.4944440511057147,0.4249740856071192,0.7861348081853011,0.07303893058668597
0.668,0.4941564696115578,0.424604911680468,0.7859886077087027,0.07291935232735519
0.67,0.4938683733587382,0.42423650567059135,0.785843808398546,0.07279994388010486
0.672,0.4935822609197141,0.4238696843380473,0.7856963699202787,0.07268071474206653
0.674,0.4932947741842617,0.423501694207252,0.785551659916629,0.07256185221908686
0.676,0.4930074898920771,0.4231354872882313,0.7854064482165484,0.07244299615478401
0.678,0.4927205539668692,0.4227691773649313,0.7852606663721872,0.07232414771185065
0.68,0.49243347790951936,0.4224017344641228,0.7851148961261549,0.0722058601780752
0.682,0.49214875539668457,0.422036486859674,0.7849685021949596,0.07208783184898611
0.684,0.49186249785923475,0.4216701409942578,0.7848211947742508,0.07196990040343892
0.686,0.4915772556037003,0.4213046615882154,0.7846767746717473,0.07185202859265097
0.688,0.4912927147520723,0.42094068200733,0.7845316447845047,0.0717347123490449
0.69,0.49100597541599555,0.42057632124403443,0.7843841923169017,0.07161720639234355
0.692,0.4907201299498799,0.42021206502617586,0.784238232440171,0.0715000467262533
0.694,0.49043519817074066,0.4198468312018121,0.7840913013856574,0.07138328126429978
0.696,0.4901510642384349,0.41948369837990324,0.783947042403885,0.07126651478133092
0.698,0.48986580984670325,0.419120522031772,0.7838009616627767,0.07114992356638088
0.7,0.4895816109602153,0.4187573614813409,0.7836552962415493,0.07103370151815493
0.702,0.48929668016288275,0.41839534768625436,0.7835076426883374,0.07091765832646729
0.704,0.4890133931149508,0.4180325103187396,0.7833620259395194,0.07080170562866811
0.706,0.488728782212343,0.4176717203915723,0.7832179642103966,0.07068605609652802
0.708,0.4884442670922546,0.41731069448699215,0.783071717057174,0.07057053685361232
0.71,0.48816080633166103,0.41694883081128326,0.7829259801243698,0.07045526944908603
0.712,0.4878780337585117,0.4165889128480342,0.7827785443532976,0.07034025161982528
0.714,0.4875938135529294,0.41622837565259746,0.7826318834006184,0.07022547802613145
0.716,0.48731148849182276,0.4158682512204336,0.7824855414983514,0.07011064506276007
0.718,0.48702774667012033,0.4155078230979312,0.7823416825546697,0.06999634532049284
0.72,0.48674566336701475,0.41514913808718,0.7821951154658522,0.06988198180710922
0.722,0.4864627495260429,0.41478939036236934,0.782049023373961,0.06976795607730432
0.724,0.4861808390199189,0.4144311423284854,0.7819028792409086,0.06965409676776746
0.726,0.4858987878621175,0.414072803952754,0.7817554441294547,0.06954041213427913
0.728,0.48561588114111764,0.413714710253688,0.7816101797168106,0.06942697012319272
0.73,0.4853348489901311,0.41335669660228525,0.78146373660838,0.06931364535730415
0.732,0.48505227482674235,0.4129999580667858,0.7813177664214255,0.06920067459125069
0.734,0.4847708243386638,0.41264274264349776,0.7811723603540388,0.06908778160046937
0.736,0.48448882800475146,0.4122857398503283,0.7810266290874215,0.06897519788865512
0.738,0.48420874891690524,0.41192938019012754,0.7808798131636158,0.06886264279725997
0.74,0.4839268970339706,0.4115734097274876,0.7807339707650023,0.06875047924188585
0.742,0.48364660399624126,0.4112186094925201,0.7805877206518358,0.06863842401350356
0.744,0.4833660147534183,0.41086292856504936,0.7804417363183905,0.06852661322412527
0.746,0.4830852719639761,0.4105085452242542,0.7802954259440369,0.06841488447088764
0.748,0.4828044768896099,0.41015351959556917,0.7801502706857363,0.0683033936067372
0.75,0.4825245886686378,0.4097987407007658,0.7800039619481633,0.06819205770292401
0.752,0.48224503783599876,0.40944595489682756,0.7798566753893892,0.06808103004112986
0.754,0.481965596792005,0.40909225360870727,0.7797112475728183,0.06797028353976507
0.756,0.48168596214176956,0.4087392498456481,0.7795644450039014,0.06785949725210758
0.758,0.4814061776081753,0.4083862514507729,0.7794194264126195,0.06774894777798281
0.76,0.4811270951638307,0.40803367455043293,0.7792723434929901,0.06763879154832556
0.762,0.48084830372140036,0.4076812547321004,0.7791242864529346,0.06752871796833523
0.764,0.4805689997025155,0.4073297596110668,0.7789800877049363,0.06741867255257086
0.766,0.4802911159553248,0.4069777399012486,0.7788334607032473,0.06730889874434734
0.768,0.48001213271100046,0.40662719082916643,0.7786881238009892,0.06719942273694665
0.77,0.47973489013025905,0.40627555242486146,0.7785407759065058,0.06709016529962182
0.772,0.47945538102261,0.4059267346695463,0.7783938532798478,0.06698088338118081
0.774,0.47917701843266647,0.4055760081903599,0.7782484734351809,0.06687203916871012
0.776,0.47889969987158165,0.40522646569555193,0.7781020929649712,0.06676326056211955
0.778,0.4786214192775981,0.4048766522755214,0.7779564607940134,0.06665465217113167
0.78,0.47834438221223763,0.404527610973089,0.7778103707593419,0.06654645060417609
0.782,0.4780665764027916,0.40417830259387805,0.7776637041004723,0.0664381881563195
0.784,0.477789755809068,0.40382976641631313,0.7775158367872006,0.06633012859218879
0.786,0.4775133302669233,0.403482011820609,0.7773684498103198,0.06622240269696433
0.788,0.4772361708660026,0.40313390802786275,0.7772243135991938,0.0661147291279145
0.79,0.4769591218980614,0.4027866681353475,0.7770798025086123,0.06600722462507198
0.792,0.47668314647413657,0.402439136304842,0.7769303471907448,0.06589999188377181
0.794,0.4764060265295099,0.40209268064408726,0.7767857722426953,0.06579301097005028
0.796,0.47612952005045567,0.40174539902184025,0.7766379784249287,0.065686078050395
0.798,0.47585462961099967,0.40140017147810886,0.7764927831487006,0.06557947983194157
0.8,0.47557889233029865,0.40105463182584583,0.7763461536345063,0.0654728566397473
0.802,0.47530361502961327,0.40070921905372403,0.776198919852735,0.06536669374704958
0.804,0.47502793315486197,0.4003637713372474,0.7760521991816806,0.06526049432814782
0.806,0.47475254342356554,0.4000184472758535,0.7759067089653979,0.06515462951914543
0.808,0.4744772242441436,0.3996745522486232,0.7757617879247581,0.06504888187634307
0.81,0.4742025407770236,0.39933023718777144,0.7756142976288145,0.06494330120578583
0.812,0.4739270128543007,0.3989867399671085,0.7754670076333484,0.06483815126629959
0.814,0.4736530955616706,0.39864335368377185,0.7753210751449009,0.06473284543855223
0.816,0.47337880966044416,0.3982996888297446,0.7751742335193821,0.06462780496858749
0.818,0.473103822670018,0.3979575368563568,0.7750291903534847,0.06452304785831531
0.82,0.47283017931879173,0.3976150796151949,0.774880481210804,0.06441839477948917
0.822,0.4725566512855218,0.39727268397495497,0.774735209410134,0.06431384123435871
0.824,0.4722823658887627,0.3969305893048981,0.7745883728036864,0.06420956962276501
0.826,0.4720085734746117,0.39658947837079206,0.7744412732407433,0.0641055952812014
0.828,0.4717362427598575,0.39624837901941534,0.7742960272104745,0.06400157427260722
0.83,0.4714617351415841,0.3959068194088337,0.7741493274312132,0.06389793453489497
0.832,0.4711892627746874,0.39556717263856794,0.7740028497020018,0.0637942250116519
0.834,0.4709153592044819,0.39522648524468523,0.7738556881310651,0.06369093992013523
0.836,0.47064329491202744,0.39488685796370465,0.7737096618760018,0.0635878430742404
0.838,0.4703716840626475,0.39454738147355783,0.773563019649561,0.063484769808829
0.84,0.4700976673374739,0.3942078412950698,0.7734170340399361,0.06338193854578125
0.842,0.46982674306740074,0.3938687598223891,0.7732694988523695,0.06327942134345792
0.844,0.4695546347801789,0.39352954622912784,0.7731237295047836,0.06317700010632793
0.846,0.46928287267944674,0.39319219046291004,0.7729771602641702,0.06307467932873675
0.848,0.4690107657593414,0.3928539427543312,0.7728308235682755,0.06297258529114275
0.85,0.4687387169115446,0.3925163607381958,0.7726816415074031,0.06287070826641784
0.852,0.46846768694268714,0.39217896109238076,0.7725354634063204,0.06276880450571296
0.854,0.46819706390785115,0.3918428171390805,0.7723913679921842,0.06266732185433414
0.856,0.46792570667906236,0.39150644806697893,0.7722442020950718,0.0625659422631571
0.858,0.4676550425689676,0.39116970091833697,0.7720968989916019,0.06246463197440419
0.86,0.46738486654586875,0.3908336715089125,0.7719513279807827,0.06236360886593242
0.862,0.46711382152188463,0.39049796205385584,0.7718041863767798,0.06226278881116235
0.864,0.4668435328572949,0.39016275855973975,0.7716577350169717,0.06216223990532091
0.866,0.46657379792249043,0.38982732641107193,0.771509658379111,0.06206174608663936
0.868,0.4663028812728887,0.3894927478236253,0.7713643129192145,0.06196125562445527
0.87,0.4660338526913082,0.3891589292630941,0.7712175018495295,0.06186101115835381
0.872,0.4657637586885646,0.38882415978571233,0.7710699498601474,0.06176107108783442
0.874,0.4654942811162421,0.3884903033788441,0.7709234223524324,0.06166140577074549
0.876,0.46522478745203366,0.38815719939272725,0.7707774125714636,0.06156177224062083
0.878,0.46495563404485035,0.3878240192100901,0.7706307272747261,0.06146224141972071
0.88,0.46468648618611563,0.38749149364381325,0.7704825903074404,0.061362966274616224
0.882,0.46441680363893867,0.3871594229703361,0.7703361539468231,0.06126390207096048
0.884,0.46414941481256333,0.38682695249063465,0.7701908403322231,0.06116501599530961
0.886,0.4638797597734117,0.3864957333031036,0.7700439329929282,0.06106619953992683
0.888,0.46361228892480555,0.38616421600244266,0.7698981594584599,0.0609676083489497
0.89,0.4633439381093436,0.38583243631362146,0.7697506732962399,0.060869089048793824
0.892,0.4630761749496134,0.38550223938888245,0.7696040538204493,0.06077090130806313
0.894,0.46280733037014776,0.38517175798556064,0.7694567358440615,0.0606728423459789
0.896,0.4625411681172158,0.38484100789675196,0.7693100489846203,0.060574963073487385
0.898,0.4622726857017326,0.38451066666548067,0.7691642515222166,0.060477307698444366
0.9,0.46200515836806394,0.3841812382309446,0.7690165819290187,0.06037955263510192
0.902,0.4617390829290919,0.38385239479593064,0.7688698798097613,0.06028224665907026
0.904,0.46147140570662437,0.3835238172738481,0.7687245602167095,0.06018492797139835
0.906,0.46120440994649137,0.38319483057684406,0.7685765860171085,0.06008793386220547
0.908,0.4609380417515291,0.3828668188715737,0.7684298123740738,0.05999102628311493
0.91,0.46067149203520846,0.3825381612805209,0.7682817785950846,0.05989428110229873
0.912,0.4604051950630307,0.38221122403435265,0.768136212458882,0.05979761935474173
0.914,0.4601388795260669,0.3818829657052175,0.7679900061156738,0.059701417647172204
0.916,0.4598726734887038,0.3815567208191508,0.7678421813093219,0.059605196315183934
0.918,0.45960719529685734,0.3812304573223867,0.7676956591774565,0.05950918168679896
0.92,0.4593416956105414,0.3809036414727123,0.7675492743258029,0.05941312553604031
0.922,0.45907521394454204,0.3805763229965784,0.767403779683601,0.05931743046561088
0.924,0.4588113898221008,0.38025063340386933,0.7672547799254891,0.05922189673009906
0.926,0.4585453328967688,0.37992585752298896,0.7671094127110898,0.05912647119323995
0.928,0.45828040463883396,0.37960077347793847,0.766961495394035,0.059031236175087674
0.93,0.4580144956006093,0.3792748874813093,0.766813982042844,0.05893622591817848
0.932,0.45775128274979865,0.3789515250611366,0.7666676645254865,0.05884141327542012
0.934,0.4574856317871108,0.37862760102174664,0.7665203226910835,0.05874673859700742
0.936,0.4572217237809682,0.37830223321990014,0.7663740026996505,0.058652199898511004
0.938,0.4569568773012579,0.37797912197328726,0.7662264209001975,0.058557674977800324
0.94,0.45669257935179774,0.3776555514549017,0.7660810551456596,0.05846335514987566
0.942,0.4564290412578857,0.377332154853337,0.7659331473349935,0.058369355211399736
0.944,0.4561647837634558,0.37701067233295993,0.765787129001005,0.05827546600947967
0.946,0.4559018867008363,0.3766878654162904,0.76563987854622,0.05818178574995399
0.948,0.45563977962890734,0.37636554662275973,0.7654923089202665,0.05808823947971319
0.95,0.45537530482609523,0.37604378062717514,0.7653446918816958,0.0579947958674347
0.952,0.45511190063051904,0.3757222177405835,0.7651986074734842,0.05790153589257196
0.954,0.45484867031334375,0.37540090397221887,0.7650495593822391,0.057808365148830414
0.956,0.4545861228869688,0.3750806014249844,0.7649043443913122,0.05771551235802077
0.958,0.4543235568059549,0.37476004564875764,0.7647575432490238,0.05762270114900597
0.96,0.4540613604806888,0.37443868522490253,0.7646104117675646,0.05753011143213396
0.962,0.4537992549219245,0.3741195646462764,0.7644636200087469,0.057437491444697265
0.964,0.4535370966379803,0.37379965176591035,0.7643171175282788,0.057345276980305504
0.966,0.45327539948582257,0.37348071781417147,0.7641702360829693,0.057253142486376626
0.968,0.45301315701111905,0.37316138448848746,0.7640240971505847,0.05716111988823803
0.97,0.45275187836000247,0.372842554663357,0.7638753386718671,0.05706951761074349
0.972,0.45249061847396793,0.3725240529582215,0.7637282353810463,0.05697775147698008
0.974,0.45222920699205527,0.3722063564986935,0.7635821094055748,0.056886356149415736
0.976,0.4519678585399853,0.3718885365720286,0.763434895791149,0.05679491937765344
0.978,0.4517063885060268,0.3715709710873008,0.7632878747082982,0.0567037512222238
0.98,0.4514457569414251,0.37125351346369506,0.7631409587133376,0.056612813720038575
0.982,0.45118470396444227,0.3709363007467122,0.7629933841383328,0.05652195302032655
0.984,0.45092564881154445,0.37061973717304003,0.7628466106740941,0.0564311540711403
0.986,0.45066459334513775,0.3703034931598395,0.7626999318830556,0.05634069157444114
0.988,0.45040410488173455,0.3699877828214676,0.7625518370937518,0.056250179103974826
0.99,0.45014489101592703,0.3696716380974402,0.762405219971594,0.056160133994220394
0.992,0.4498837100978129,0.3693573258955436,0.7622585841915994,0.05606992854383413
0.994,0.4496252554547143,0.3690418669953027,0.7621104852853635,0.055980113020048905
0.996,0.44936529872808245,0.36872637034008565,0.7619645154400886,0.055890239564887784
0.998,0.4491057560075236,0.36841179123483886,0.7618169624362323,0.055800644773803545
1.0,0.448845899389542,0.36809833353844185,0.7616696863701968,0.05571115897181395
