
%%% This file is automatically generated.
%%% Date: 2025-08-22 11:22:28
%%% Author: ad7760
%%% Generated by: /scratch/ad7760/no-matlab-no-worry/src/generate_scripts.py
[Name]
daisy_mamil4

[Notes]


[Components]
time,OUTPUT1, OUTPUT2, OUTPUT3

[Componentnotes]

[Values]
-1.0,0.4189570209537918,0.15001207123926727,0.7459720947384109
-0.998,0.4183232010978731,0.15046640855467225,0.7455512394879613
-0.996,0.4175706153246296,0.15090940641643505,0.745009123729779
-0.994,0.41693284112083273,0.15135248662348547,0.7446824027355263
-0.992,0.4162650210171364,0.151822945000489,0.7441067051191685
-0.99,0.41557921984251156,0.15227707708407903,0.7437060562064879
-0.988,0.4147718295555509,0.15274248812400354,0.7429946529159059
-0.986,0.4141364697151062,0.1531760328077058,0.7426534756095072
-0.984,0.41336756178169726,0.15365667446331,0.7422918981661488
-0.982,0.4127773571999991,0.1540854477983007,0.7417657870267453
-0.98,0.41205213430160736,0.1545394285658351,0.7411360382727895
-0.978,0.4113811804089855,0.1549910782148131,0.7407304037220795
-0.976,0.41069409566494425,0.15541585608171538,0.7401112916774213
-0.974,0.41011141773607057,0.15583373468050699,0.7399443440030037
-0.972,0.4094436193231812,0.15632453522140966,0.7393515716385618
-0.97,0.408717073538604,0.15676684570909213,0.7387883449854371
-0.968,0.40811872092032014,0.1571915518714962,0.7383337177191
-0.966,0.4074446601950836,0.15761773071898946,0.7379217294342463
-0.964,0.4067567433547418,0.15808496461982927,0.7373402964145251
-0.962,0.4062151252033038,0.15846729771349655,0.7368948886683794
-0.96,0.405410508196554,0.1589013350888528,0.7363680889122322
-0.958,0.40481940985741816,0.15937935810088605,0.7360181825980678
-0.956,0.40422579549728294,0.15979144775396983,0.735505308434764
-0.954,0.4034916838777773,0.16023577543873407,0.7350130173814923
-0.952,0.40287749393373773,0.16061770333941786,0.734391723745616
-0.95,0.4022587036781631,0.1610442105108913,0.7340637855131575
-0.948,0.4015880551600556,0.16150080265978392,0.7335393563284506
-0.946,0.401099828846808,0.1618917488802424,0.7329226442378162
-0.944,0.40039403938356394,0.16233952427316686,0.7323804600186331
-0.942,0.39972714846227514,0.16277551905156148,0.7320328994126155
-0.94,0.39914520865787634,0.16319849168158373,0.7315954024673017
-0.938,0.3985274647256616,0.16358302675212236,0.7310877261049659
-0.936,0.39800074392321294,0.16402556341002852,0.7306067967624187
-0.934,0.3972681689993197,0.16442533372330756,0.7298814427847833
-0.932,0.39667218490843636,0.1648517269162873,0.7295080794889137
-0.93,0.3962099586839785,0.1652273927361505,0.7291170917853519
-0.928,0.3955489456435799,0.16568136886384383,0.7285322259958034
-0.926,0.3948802471260462,0.16605393077870856,0.7281518698314273
-0.924,0.394184248579501,0.16646451493312808,0.7275659036910278
-0.922,0.3936576580277478,0.16688098505509666,0.7272286663944612
-0.92,0.3931363520354135,0.1672768056563029,0.7267459386712828
-0.918,0.3925041427044224,0.16769719669145544,0.7262040117671816
-0.916,0.39189274597033324,0.16808242039420343,0.7257969845784974
-0.914,0.3913307046899456,0.16845794943322767,0.7251598887699862
-0.912,0.3907744522762165,0.16886947159906257,0.7246416586848878
-0.91,0.39017163986090964,0.169274137096788,0.7242537896316913
-0.908,0.3896391906600886,0.1696894944702501,0.723731840069299
-0.906,0.3889721315660646,0.17005607982492943,0.7231913857788095
-0.904,0.3884706943810562,0.17046776535205196,0.7227658658465439
-0.902,0.3878583379621396,0.17083064635903722,0.7222569386586172
-0.9,0.38729322025163393,0.17124853064143133,0.721800961818362
-0.898,0.3867560420850179,0.17162529197997695,0.7212482334850008
-0.896,0.38627181607675565,0.1720398323929721,0.7207304029666667
-0.894,0.3856377557236312,0.17244380893581998,0.720378516912895
-0.892,0.3850436106707964,0.17282656742220961,0.7197755647139873
-0.89,0.3845141407095921,0.17315403583537747,0.7193273778998168
-0.888,0.38404269526258616,0.17356874448479936,0.7187892618828566
-0.886,0.3834236531044316,0.17394752147082618,0.718238053702067
-0.884,0.38287357463373667,0.17434175045510858,0.7177666051409802
-0.882,0.38225989374531333,0.17473933579802878,0.7172815136575676
-0.88,0.3818541653622599,0.1750822625470142,0.716797324222636
-0.878,0.3812487235999334,0.1754337997875384,0.7163206626577416
-0.876,0.3807043722601567,0.1758528846020964,0.715991854464051
-0.874,0.3802496508419261,0.1762430261157759,0.7153907585138812
-0.872,0.379682607928947,0.17661492442457014,0.7148471049605442
-0.87,0.37912152667997284,0.17697487604036172,0.7143701872584308
-0.868,0.37861926702530674,0.17736287735883216,0.7138430909424548
-0.866,0.3780526043903249,0.17770214086597336,0.7132967378673528
-0.864,0.3776472456810685,0.17805643478378078,0.7127857958074706
-0.862,0.37700211391260213,0.17845262161059575,0.712372268689771
-0.86,0.3764594692762162,0.1788127267329574,0.7118771012980861
-0.858,0.37596783402683587,0.17917302349807598,0.7113482715341213
-0.856,0.3754453253821993,0.17951806175182786,0.7107662075395745
-0.854,0.3749502600279963,0.1799191347825078,0.7103657743739815
-0.852,0.37447816872225004,0.18023486958647772,0.7097864434063031
-0.85,0.3739904756606971,0.1806238684742026,0.7092557701798704
-0.848,0.37339061712044275,0.18098830609230634,0.7090048297865493
-0.846,0.3728634644271255,0.1813038356935512,0.7083864847927961
-0.844,0.3724209938427312,0.18168978235676292,0.7078560015878633
-0.842,0.3719393899442104,0.18206106906240765,0.7074183755974351
-0.84,0.37141933633481977,0.1824277726768805,0.7068353306528173
-0.838,0.3709270042983198,0.18276040750492392,0.7064675795484406
-0.836,0.37035126084337305,0.18309396115899448,0.7059961362547612
-0.834,0.3698988954541534,0.18344996973929795,0.7055403392947857
-0.832,0.36944172394326846,0.18380630118875463,0.7048597746766618
-0.83,0.3689345749682653,0.1842028472285977,0.7044536787635843
-0.828,0.36850327178451475,0.1845133540267989,0.70385220784059
-0.826,0.36795190872364514,0.18484922893413192,0.7033185717001882
-0.824,0.3674804473131777,0.1851606498773148,0.7029595686182798
-0.822,0.3669873425868049,0.18554018487421378,0.7025422103577905
-0.82,0.36658327345382,0.18588051658356008,0.7020487112664895
-0.818,0.3660667203933,0.18623077383513137,0.7015032340340006
-0.816,0.36562801188974975,0.1865742835897505,0.7009981196115814
-0.814,0.3651056303889786,0.1869064060317372,0.7004445586483405
-0.812,0.3646431483094568,0.18723849045409666,0.6998745853179701
-0.81,0.3641997676665459,0.18756837943589494,0.6995142592125225
-0.808,0.36370069709115826,0.18794503612987448,0.6990319415880958
-0.806,0.36319391143431223,0.1882357742296985,0.6983835333046354
-0.804,0.36275881817955113,0.18863319076905777,0.6979548022455431
-0.802,0.3623175692053312,0.1889329466193678,0.6975332761765374
-0.8,0.3618370404021378,0.18926194015776895,0.6969386206944175
-0.798,0.3613969319735143,0.1895939082425349,0.6967432774972154
-0.796,0.36096007821197745,0.1899165791399056,0.696044389866832
-0.794,0.3604546874639845,0.19023406120530803,0.6955267961517304
-0.792,0.3600650913975066,0.19058836874589663,0.6949765864511596
-0.79,0.35955984536717117,0.19090166519822305,0.6945645232743557
-0.788,0.35915107430899224,0.19123851129480524,0.6941268413559534
-0.786,0.3587552973435046,0.1915761892485856,0.6934290273168867
-0.784,0.3582977782928387,0.19187781861389386,0.6930603081185619
-0.782,0.357829900088455,0.19218600173531936,0.6926427580916504
-0.78,0.35737505273826164,0.19251077109930875,0.6920361033093368
-0.778,0.3569259435807936,0.19286227053385913,0.69152118840027
-0.776,0.35651507524346787,0.1931537400277651,0.6910259934301147
-0.774,0.356062444106225,0.19347968700161447,0.6904719289649305
-0.772,0.3555918730478189,0.19379875159420298,0.689978566635673
-0.77,0.35512914563623477,0.19410183225457067,0.689475505167635
-0.768,0.35475823386682437,0.19441579476132156,0.6891454732455794
-0.766,0.3543260215874781,0.19474954342313788,0.6885422210023451
-0.764,0.35384406303909327,0.1950807628264346,0.6880473664448878
-0.762,0.3534669236727611,0.19538125943194037,0.6874862103990993
-0.76,0.3529978689522964,0.1956680965265234,0.6871278440291312
-0.758,0.3525999105019657,0.196025286087907,0.6866482110419996
-0.756,0.3522104688158795,0.19627345254536113,0.6859828575507714
-0.754,0.3518292641237449,0.19660278279301824,0.6857441793432447
-0.752,0.35140471509647137,0.1969421043922189,0.6850703054436458
-0.75,0.3509491907866016,0.19720679967079208,0.6845372416818898
-0.748,0.3505170157734989,0.1975116135788175,0.6838766930666681
-0.746,0.3500776782823528,0.1978474324810547,0.683575151798658
-0.744,0.3496709393530678,0.1981400108184113,0.6831212059642368
-0.742,0.34932097307431026,0.19839987705141143,0.682582442411092
-0.74,0.3488110730915358,0.1987363863238469,0.6822098222516332
-0.738,0.3485019164800836,0.19903918219962885,0.6815774326404891
-0.736,0.3480980782335193,0.1993213988254167,0.6812458003726012
-0.734,0.3476483157592505,0.1996402733186674,0.6806628100989619
-0.732,0.34720673343437897,0.19994914628649088,0.6802076438228369
-0.73,0.3468648624110456,0.2002723416826053,0.6796328331412518
-0.728,0.3464505984043878,0.20056361614784296,0.6791788728221679
-0.726,0.34603157836519616,0.20084847991813684,0.6786442058002959
-0.724,0.3457548024967304,0.20115976905396998,0.6781952162138848
-0.722,0.3452432307523788,0.20141978710884204,0.6776616630950892
-0.72,0.3449066013180215,0.20174390000345369,0.6770808470446933
-0.718,0.3445170058362847,0.2020396998745844,0.676778130687256
-0.716,0.3440914781531182,0.20229689365281192,0.6761606561897355
-0.714,0.3437375885212656,0.20261172462819835,0.6756457822467451
-0.712,0.3433326110469576,0.20290212039518524,0.6751172668844865
-0.71,0.34294751053011374,0.20318469245530651,0.674670964924297
-0.708,0.34261076457655715,0.2034614754049198,0.6742006080025467
-0.706,0.3421901514392994,0.2037276037440431,0.6737725014758965
-0.704,0.34186260280272335,0.2040098503593476,0.6731890030428076
-0.702,0.3414279732407357,0.20434440981085697,0.6727240201980085
-0.7,0.3410296756300341,0.20460840255705798,0.6722313456651119
-0.698,0.3407416685393167,0.20488431112573435,0.6718325294571355
-0.696,0.3403012914914796,0.2051994109200317,0.6712145676364982
-0.694,0.3399307171028854,0.205431592561506,0.670864154127535
-0.692,0.3395548421126246,0.20570308704046528,0.6703541665324243
-0.69,0.33917645177028316,0.20597600451490616,0.6698091557536215
-0.688,0.3388206951594519,0.2062988784975175,0.6694454975041524
-0.686,0.3384432967713961,0.2065549239397518,0.6688097153316084
-0.684,0.3380742246996106,0.20686704476748277,0.6683732208351969
-0.682,0.3376731044355256,0.20710271080081263,0.6678925169571569
-0.68,0.3373535524299293,0.20738666118528026,0.6673731805134501
-0.678,0.3369877401525197,0.20770555989020484,0.6668425812630726
-0.676,0.33659188094016185,0.20795868199877032,0.6663735590273605
-0.674,0.33624887298730327,0.20818813528177607,0.6658055875570222
-0.672,0.33584056518993344,0.20849823743513932,0.6653014227054499
-0.67,0.33547978696891895,0.20876701412132465,0.6648703630607915
-0.668,0.335151102461027,0.2090454874199257,0.6643965794081687
-0.666,0.334805053173303,0.20930566353351332,0.663881192959768
-0.664,0.33442806630284005,0.20951442391491173,0.663494531444542
-0.662,0.3341086463411938,0.20982084085035962,0.6629723329145364
-0.66,0.33378281242250984,0.21010995511425917,0.6624130016739134
-0.658,0.333408019114631,0.2103672771506554,0.6618656556035701
-0.656,0.3330190494180721,0.21060951529450775,0.6614498284688415
-0.654,0.33272089137968847,0.2108970051771389,0.661033976762581
-0.652,0.3324168812411428,0.21115528099594066,0.660331612035034
-0.65,0.33198132961172144,0.21143138999413524,0.659917372841972
-0.648,0.33170455375058533,0.2116921642445686,0.659536731526161
-0.646,0.3313591063226276,0.21196518910363837,0.6589597791635514
-0.644,0.33099151720376024,0.21216193555732293,0.6585198940046982
-0.642,0.33062279570671665,0.21247331317512003,0.6580250236940718
-0.64,0.33036538128357285,0.2126898095059926,0.6576710683335076
-0.638,0.3299487388155494,0.21295352784667645,0.6569687021651969
-0.636,0.3296141391468422,0.21325972478034155,0.6565526789830212
-0.634,0.329342331082609,0.21348183754784666,0.6560638452901205
-0.632,0.3289658132925721,0.21376760743642917,0.6556133268718868
-0.63,0.3286071394854999,0.2139960336277376,0.655059348935107
-0.628,0.32831508543135673,0.21422059291047924,0.6545695494847432
-0.626,0.3280019533970722,0.21451734748106124,0.6540077335891076
-0.624,0.3276774247227432,0.2147637132618618,0.6536399374257842
-0.622,0.3273096769238174,0.21502507044548919,0.6531541976822074
-0.62,0.32696920967878634,0.21523274464563386,0.6526514665810996
-0.618,0.32668670667012323,0.21548360107432454,0.6522867709803326
-0.616,0.32632852804071966,0.21576568426044895,0.65161295110799
-0.614,0.32600855565086334,0.21601424884305037,0.6511991784546209
-0.612,0.32567501157929557,0.21627404397694672,0.6506188492569928
-0.61,0.32532499106888085,0.216493449628182,0.6502581899011142
-0.608,0.32504205196408825,0.21672701594240662,0.6497339661688104
-0.606,0.32469019700013546,0.21698835255114962,0.6492391096025782
-0.604,0.3243914975931403,0.21725031472894005,0.6487758069701107
-0.602,0.32406339402754264,0.2174719455006319,0.6482669682412301
-0.6,0.3237515913773482,0.21772523410698744,0.647785107916916
-0.598,0.3233953941854292,0.2179697981380301,0.6474728906205451
-0.596,0.3231006662017634,0.21813127526252518,0.6468364266861515
-0.594,0.32285989927538267,0.21844407023964388,0.6464133706311597
-0.592,0.32249413486286094,0.21870138630087638,0.6458495269774446
-0.59,0.322112219059209,0.21891871404318355,0.6452868593431069
-0.588,0.32188647021266403,0.21913987543239904,0.6448790478303064
-0.586,0.3216362330749229,0.21941568626931174,0.6445128788281431
-0.584,0.32128691406484655,0.21963612859422615,0.6439950320293442
-0.582,0.3210141253872593,0.21987458279113223,0.6434671093945622
-0.58,0.3206947626916633,0.22011671105408367,0.6430188979321176
-0.578,0.32034375290276224,0.2203961264005066,0.6423665877480965
-0.576,0.32011309742369265,0.22058458330296696,0.6420008741405808
-0.574,0.319750856942004,0.2208554386801003,0.641527190626256
-0.572,0.3194307795392142,0.22104738778534533,0.6410785605307872
-0.57,0.31913314899588446,0.22128879136329432,0.640591172216407
-0.568,0.31883660363422345,0.22151919680289256,0.6400676102105302
-0.566,0.3185121406950195,0.22172085028297436,0.6395740969119558
-0.564,0.31827610949074414,0.2219237014118758,0.6389958431665596
-0.562,0.31792557563045637,0.22218371843734244,0.6386869531878695
-0.56,0.31765671116747096,0.22243225782336182,0.6381953519974266
-0.558,0.3173352448411866,0.22263548590812035,0.6377223722255906
-0.556,0.3169985363739354,0.22287982722234154,0.6372317171786741
-0.554,0.3167746264731679,0.22310512464663937,0.6367060538001927
-0.552,0.3164528557687698,0.22334238242834528,0.6362430969457521
-0.55,0.3162016337485975,0.22355257959467975,0.6357092989344749
-0.548,0.31582018487422153,0.22378403789077225,0.6353741771782685
-0.546,0.31558704919485847,0.22398628372811447,0.6348559069823009
-0.544,0.3152897894392472,0.22421750606196447,0.6343951630935456
-0.542,0.3150147747393112,0.22442070970561748,0.6338046825597102
-0.54,0.31470607817607094,0.22468950560997022,0.6333807408154724
-0.538,0.3144939727417391,0.22489915072593297,0.6330487685785042
-0.536,0.3141797748889584,0.22509871713846122,0.6325131059704396
-0.534,0.3138847320207682,0.22533159527952554,0.6319736416293091
-0.532,0.3136186275915052,0.22557762760262765,0.6315957795742667
-0.53,0.3132613747017079,0.22577624578581856,0.6309382923433398
-0.528,0.3130223904416662,0.22596725371044768,0.6305413503175051
-0.526,0.31275168719124535,0.22620490302276483,0.6300335249081078
-0.524,0.31250049704391436,0.2264579885457769,0.6296766000466694
-0.522,0.3122101524160794,0.22663543332180044,0.6290760237495802
-0.52,0.31191388905872175,0.22688377978054566,0.628578231690311
-0.518,0.3116240022798115,0.22708882389313703,0.628180749460311
-0.516,0.31143863054613674,0.2272846425713252,0.6276976993123355
-0.514,0.31110273179159503,0.22750651036216876,0.6272061775324882
-0.512,0.310795028309535,0.227731413546592,0.6267943895637014
-0.51,0.31049901739588454,0.22788827786951169,0.6262572707664635
-0.508,0.31023305442324106,0.22813604641431093,0.6258899015749965
-0.506,0.3100544124723504,0.22834736562395308,0.6253096440072117
-0.504,0.3097194352038493,0.2285354353658463,0.6248523690632712
-0.502,0.3094661907214823,0.22876954067651858,0.6244050561687374
-0.5,0.30920084896291045,0.22897726574425836,0.6239071075297563
-0.498,0.3089326062088823,0.2291791957465212,0.6232948958021406
-0.496,0.3086603997971712,0.22938753879999282,0.622958931519757
-0.494,0.3083532455877406,0.2296258206018536,0.6225175309034454
-0.492,0.30813258984441644,0.22976171271335927,0.6220745967385893
-0.49,0.30778414667250037,0.23000043641200305,0.6216099980425985
-0.488,0.3075760639868427,0.2302000986474253,0.6211231770060355
-0.486,0.30734452478439356,0.23040635097420312,0.6206131247767944
-0.484,0.30702312194012005,0.23061619289526078,0.6201416611907675
-0.482,0.30681968471088067,0.2307710770667521,0.6195323633419401
-0.48,0.3065561501180812,0.23106568448904638,0.6192051744375734
-0.478,0.3063075465566659,0.23120895922640686,0.6187456293247828
-0.476,0.30599083451920506,0.23142180377651736,0.618215180783411
-0.474,0.3057813512792574,0.2316198571395558,0.6177928355191189
-0.472,0.3054736477469526,0.23177921127991158,0.6173614485862003
-0.47,0.30525110913657544,0.23200230349219458,0.6170081355226278
-0.468,0.3049918882471163,0.23224712118226182,0.6163019959447356
-0.466,0.30472599205399065,0.23239741343755072,0.6159826203688104
-0.464,0.3044434314812077,0.2326185424392625,0.6154033658980976
-0.462,0.30415542984293686,0.23282063382031082,0.6150362857504419
-0.46,0.3039890717056415,0.23301082030277948,0.6146118503200345
-0.458,0.3036746859950952,0.23317527973600655,0.6140710276488272
-0.456,0.30346371106919595,0.23343001642709293,0.6136266382259358
-0.454,0.3031861649966212,0.23361554737495646,0.6131071145017892
-0.452,0.3029593917857408,0.23374685514975893,0.6127585563381788
-0.45,0.3027672546844198,0.23392965863133666,0.6122500078935958
-0.448,0.3024522987523882,0.2341588000061328,0.611730718183753
-0.446,0.30220265413027586,0.23436163686880426,0.6113704715585841
-0.444,0.3019174592114557,0.23455086424447905,0.6108618464887973
-0.442,0.3017233345605411,0.23476932100991058,0.6104675345298286
-0.44,0.3014283593789668,0.23496604436427815,0.6097856107117334
-0.438,0.3012201739359959,0.2351330598127454,0.6095323295643222
-0.436,0.30095153661963014,0.2353139948497975,0.6090308877721353
-0.434,0.30073979871897166,0.23547930253004917,0.6084945230346656
-0.432,0.30047778844264583,0.23567875024783672,0.6080897734400528
-0.43,0.3002379058457354,0.23587559705974218,0.607606216009747
-0.428,0.3000073324767858,0.23608540886042528,0.6071371037074282
-0.426,0.29973615678609,0.23622939231110401,0.6066409411100981
-0.424,0.2994082727987234,0.23645151591880703,0.606141856135716
-0.422,0.2992715112391019,0.236658863562369,0.605788762026176
-0.42,0.2991034344225713,0.2367837388607203,0.6053221078568313
-0.418,0.29878273064168687,0.23697212853134078,0.6048314316362853
-0.416,0.29857774691588235,0.2371893232675959,0.6043280302296512
-0.414,0.2982944949498279,0.23735353318623748,0.6038997315074487
-0.412,0.2980616530094957,0.23753834328751508,0.6035340161580199
-0.41,0.2978047337820934,0.23768984523614006,0.6029105786231335
-0.408,0.29758651675620723,0.23788570983484889,0.6025863776607159
-0.406,0.2973623220613186,0.2380897504619106,0.6021688408068355
-0.404,0.29713852481200054,0.23823952848123237,0.6016260895214067
-0.402,0.296939252553955,0.23843343463756686,0.6011271060772868
-0.4,0.29663842267882684,0.23860882380621873,0.6007914652303575
-0.398,0.29639091581460375,0.23880676082584762,0.60031718277388
-0.396,0.29620099073437617,0.238983100427048,0.5997881964591493
-0.394,0.2959389060969822,0.2391214740163558,0.5994434649701706
-0.392,0.2957197205727422,0.2393178839480172,0.5988609029601591
-0.39,0.2954733378606139,0.23949158624853623,0.5984709768916132
-0.388,0.29529025268515247,0.23963650961904778,0.5979577491922008
-0.386,0.29504177637947765,0.23984987462643956,0.5976044544934962
-0.384,0.294769298295409,0.24000677754041833,0.5970320413491946
-0.382,0.29462486587102704,0.2402017747709832,0.5965660988295712
-0.38,0.2943177776654179,0.24039975772636488,0.5962015053941281
-0.378,0.29413537589126604,0.24056407664970902,0.5957974229387861
-0.376,0.2939218292874469,0.240698243664787,0.5952098422823447
-0.374,0.2937058434802815,0.2408747621496703,0.594763405212736
-0.372,0.29345577367051945,0.2410665874961773,0.5943707828512349
-0.37,0.29318229432370974,0.24120998898018756,0.5939629589721716
-0.368,0.2929861127986245,0.24134700330103118,0.5933946668372446
-0.366,0.29277949643420226,0.24158875182761191,0.5930418204300669
-0.364,0.29262512471385504,0.24171695603587806,0.592552964460478
-0.362,0.29232484634379946,0.241911052770946,0.5921029259738357
-0.36,0.2921014595130618,0.24205800517104378,0.591546393620439
-0.358,0.2918889964491491,0.24217463671408263,0.5911433190058725
-0.356,0.291711610110349,0.24242680797461977,0.590721486667371
-0.354,0.2914499788548452,0.2425708486364893,0.5903093513263942
-0.352,0.29125319377407327,0.24275710482610016,0.589898723320592
-0.35,0.29100705493461587,0.24290986516026727,0.5894428584017248
-0.348,0.2908155926040272,0.24308836261598316,0.5890082275120454
-0.346,0.29059751377484994,0.24325746612318147,0.5884563913572816
-0.344,0.29035136097603714,0.24338169101869922,0.5881457248824138
-0.342,0.29015885068298936,0.24360209558593157,0.5877301298087362
-0.34,0.2898817477957509,0.243673270207513,0.5871131796309416
-0.338,0.28972122294268843,0.2438694548469565,0.5868069130502843
-0.336,0.2895435565520664,0.2440270216902588,0.5862939006505795
-0.334,0.2893417183543598,0.2442112495512312,0.585805988738688
-0.332,0.28909638494472295,0.24437213207934377,0.5854641905838096
-0.33,0.2888634028464858,0.24453865203168612,0.5848995430911991
-0.328,0.2886258709711765,0.24468555338200765,0.5845129523808393
-0.326,0.2884129811068656,0.24483579700211625,0.5839699260910782
-0.324,0.2882692940778257,0.24503239505919974,0.5835541583454279
-0.322,0.28801593181273544,0.2451353265747204,0.5832698700041611
-0.32,0.2878080882787649,0.24531197856826828,0.5826993575838343
-0.318,0.28757941434122797,0.24549574025199283,0.5822803028761239
-0.316,0.2874178967024063,0.24563743713090075,0.581781263451556
-0.314,0.2871893975219506,0.2457904767909253,0.581433344325867
-0.312,0.28700128228331895,0.24595464200546208,0.5809536336614829
-0.31,0.2867176498116856,0.24605669294676497,0.5804686216905035
-0.308,0.28656855963862427,0.24627698203393675,0.5799586058033447
-0.306,0.2863355231998561,0.2464437936611682,0.5796806003249052
-0.304,0.28614814728205284,0.24653093506263035,0.579199679611474
-0.302,0.28594291915818576,0.24673759309987975,0.5787307539215503
-0.3,0.2856516698525151,0.24690384272635663,0.5783073852496643
-0.298,0.2855416594878918,0.24704676352536786,0.5779801445171149
-0.296,0.28533656384791767,0.24717681994320537,0.5774298542110001
-0.294,0.2851451565393969,0.24732361017444263,0.5770081013385454
-0.292,0.284943630759534,0.24751872024715654,0.576568379536241
-0.29,0.28473218749827156,0.2476127334774673,0.5761073553054116
-0.288,0.2845154375182918,0.24779675507451027,0.575746027339364
-0.286,0.28430833864709554,0.24790541259760507,0.5752190108912363
-0.284,0.28409595307522817,0.2481007609226362,0.5749075528700791
-0.282,0.28392494609594965,0.24825208581753533,0.5743674479294361
-0.28,0.2837066165857489,0.24839398020035164,0.5739393054843668
-0.278,0.2834664714803589,0.2485596225091237,0.5735600394052294
-0.276,0.2833280236414129,0.24869556053886765,0.5730251420370163
-0.274,0.2831032305322051,0.24883420771813666,0.5726874889087463
-0.272,0.28285106123095566,0.24897557988393748,0.572240508685719
-0.27,0.2827024051863169,0.249116483373027,0.571642666666686
-0.268,0.28249776250357844,0.2492909012283404,0.5713106789609538
-0.266,0.2822477736622925,0.24947004624569466,0.5709362445763826
-0.264,0.28212010817173505,0.2495671403547835,0.5704984642298215
-0.262,0.28192616729423536,0.2497301119668056,0.5700707483084014
-0.26,0.28171412777514526,0.2498782318062734,0.5696574919586049
-0.258,0.28155420467995707,0.24996301559324283,0.5692330745310057
-0.256,0.2814069936161338,0.2501202259401222,0.5687330425778423
-0.254,0.2811681743117153,0.2503089984242109,0.5683305889613751
-0.252,0.2809859101416092,0.25041197768106127,0.5678331776939836
-0.25,0.2807421691317482,0.2505598996480793,0.5673658146678666
-0.248,0.2805131312370084,0.2506731134209244,0.5669877690935198
-0.246,0.2803712246712077,0.25084372914255815,0.5666658604944499
-0.244,0.28017954905717807,0.2509706864816766,0.5662016751343968
-0.242,0.2799698753690244,0.2511252831978833,0.5656676113155752
-0.24,0.27974264194558207,0.2512813640801866,0.5652312011941758
-0.238,0.2796298029700936,0.2513796893369661,0.5647859275710734
-0.236,0.27938907615477654,0.25149166267621587,0.5644214707132381
-0.234,0.2792191317443913,0.2516621355610585,0.564096792342581
-0.232,0.2789968450482251,0.2518181585213372,0.5635092684964464
-0.23,0.2788072212803406,0.25192816101992893,0.5631740876071879
-0.228,0.2786796842188792,0.25204358442951164,0.5627855936072096
-0.226,0.27848068450660246,0.25223238934115005,0.5621391020758728
-0.224,0.2782809421446146,0.25234580438498955,0.5619955603924801
-0.222,0.27807206646366706,0.2524829044648768,0.5614008879443341
-0.22,0.2778993288112997,0.25259914763909685,0.5609454982954822
-0.218,0.27770656764275886,0.2527665245884848,0.5606365109601998
-0.216,0.2774987305061066,0.2528711547992501,0.5601438461479343
-0.214,0.2773207807565383,0.25299532375376393,0.5597211664445744
-0.212,0.2771566062765874,0.25315451830120733,0.5593579004357643
-0.21,0.27694045213748864,0.25326586620433755,0.5589560445328021
-0.208,0.2767959891829748,0.25341155363090484,0.5584613944356015
-0.206,0.27659825633837537,0.25357781003783114,0.5580769155981498
-0.204,0.2764077200030228,0.2537117929258316,0.5576513356462662
-0.202,0.2761969474191077,0.25381806733092926,0.5572056467555592
-0.2,0.27604780440970406,0.25392753841514737,0.5567827393697888
-0.198,0.27588288578188047,0.25405237819036014,0.5564222549219663
-0.196,0.2756844064720005,0.2542450668203246,0.5558268669303196
-0.194,0.27546869015950654,0.25431737689630063,0.5555004491594645
-0.192,0.2753490719764124,0.2544415855732853,0.5550586914382325
-0.19,0.27512551428396914,0.25459780913746266,0.5546118395032328
-0.188,0.2749454628123651,0.2547418729413519,0.5541974263375331
-0.186,0.27475943104567463,0.25485645463545004,0.5538010258079341
-0.184,0.2745630176821236,0.25495720262124943,0.5535199501953043
-0.182,0.2744007113803043,0.2551358055361801,0.553027413843769
-0.18,0.2741993645101575,0.25522450827719173,0.5526392104309037
-0.178,0.2740483011159583,0.2553443841056301,0.5521582105343104
-0.176,0.2738655010882008,0.2554891876759307,0.5517227989553226
-0.174,0.27367336847366674,0.25561261129770874,0.5513272194178064
-0.172,0.27353339898505014,0.2557254282424385,0.5509008995109538
-0.17,0.2733446783277189,0.25588648916563234,0.550370919445438
-0.168,0.27312463704844103,0.25599423639834035,0.5499718946175397
-0.166,0.2729718829251279,0.2560988850935577,0.5495812448266818
-0.164,0.2728124310056671,0.2561932185286881,0.5492547716932595
-0.162,0.2726237469278345,0.2563457725220007,0.548762436334463
-0.16,0.2724657323093999,0.25649956468243523,0.5484026826982563
-0.158,0.27226065438633773,0.2565785284221271,0.5479404220801691
-0.156,0.272125748378883,0.2567176903185712,0.5475711740430088
-0.154,0.27198539714635916,0.2567987747610064,0.54710529554795
-0.152,0.27174833215836147,0.2569497926370505,0.5467596501029712
-0.15,0.271563558323953,0.2570449658821566,0.5462594848984303
-0.148,0.271365899413388,0.2571530053741188,0.5458178448259683
-0.146,0.27124048317179117,0.25726849624955717,0.5454778523809478
-0.144,0.27105251403013825,0.257466761149126,0.5450124932699272
-0.142,0.2708715209501513,0.2576142978098888,0.5445445223397624
-0.14,0.2707106980507811,0.25762348865736906,0.5442830296385276
-0.138,0.2705808772845456,0.2577568619819224,0.5438968186106758
-0.136,0.2703921177892329,0.25789145307025246,0.5433883723213612
-0.134,0.270165915841321,0.2580124892270363,0.5430651795616616
-0.132,0.2700717812744601,0.258127465013111,0.5425836083897231
-0.13,0.2698205478285846,0.2582681137931916,0.5421757877794692
-0.128,0.269704771679769,0.25838698384475406,0.5418415373945302
-0.126,0.2695234224244091,0.25849459284520937,0.5413813476253482
-0.124,0.2693698259502982,0.2586217567819249,0.5409031989968667
-0.122,0.2691666382267467,0.2587053353813642,0.5406474628268055
-0.12,0.269028825752871,0.25883813026345953,0.5401487930964398
-0.118,0.2688366887512933,0.25898417351477365,0.5397303854620864
-0.116,0.2686916914474066,0.2590591461738489,0.5393221414735021
-0.114,0.26852768096141816,0.25919695949388644,0.5388981824403677
-0.112,0.26837762979252344,0.2592633394151322,0.5384590247066063
-0.11,0.26819641252666776,0.2593608953014957,0.5381035194758609
-0.108,0.26798265430343177,0.2595218810809362,0.5376651335643269
-0.106,0.26781441622861163,0.2596489115667698,0.5372034351809659
-0.104,0.2676704330401074,0.25971468284773197,0.53687305179552
-0.102,0.26753029267809353,0.2598396156106382,0.5364121315851813
-0.1,0.267358832341512,0.25992044771540074,0.536220461611436
-0.098,0.267124087593463,0.2600267876473364,0.5356437444420626
-0.096,0.26695245486425045,0.26018139518424754,0.5352794346354527
-0.094,0.2668475057542094,0.26025838420385694,0.5348418358445086
-0.092,0.26665191963815466,0.26035863955407734,0.5345461605402845
-0.09,0.2665319317215365,0.26049698182593073,0.5340545926968723
-0.088,0.2663612922162469,0.26058875787825075,0.5336947219841376
-0.086,0.26620888762819106,0.26069371405742026,0.5332560432217723
-0.084,0.26600553389698994,0.2608321995505089,0.5328602919114802
-0.082,0.26585394253360006,0.260870433888051,0.532401573219706
-0.08,0.26576394094834205,0.261019357718495,0.5320607676034323
-0.078,0.2655375388082322,0.26115345836844245,0.5316555821983532
-0.076,0.2653298209296419,0.26124672979347907,0.531261886023074
-0.074,0.2652062486330042,0.26135910205239765,0.5308794638134451
-0.072,0.26501378298627004,0.26142261667056216,0.5304403089664873
-0.07,0.2648866456188696,0.26156627319863696,0.5300499326850145
-0.068,0.26473315539469866,0.2616692495549775,0.5296938136361652
-0.066,0.2645286946953276,0.2618201777067928,0.5292415711099718
-0.064,0.2643550807041968,0.26187103113882926,0.5288344248520118
-0.062,0.2641605798220962,0.261989229463617,0.5285959867641105
-0.06,0.2641154466421727,0.26205840091583354,0.5281408920417646
-0.058,0.2639045457664444,0.2621971112042137,0.5277870548119888
-0.056,0.26371985548418914,0.2622765654737576,0.5273095529861233
-0.054,0.26359294622515106,0.26242382989693946,0.5268101580352592
-0.052,0.2634289388316955,0.26251824957618586,0.5264053682513312
-0.05,0.26328116519661765,0.26254480703142313,0.5260724049428858
-0.048,0.26309414364101674,0.26274301853023957,0.5256784634328662
-0.046,0.2629774255998573,0.262820273595024,0.5252763512473004
-0.044,0.26278636908666486,0.2629027365221117,0.5249089400039436
-0.042,0.2626671338351672,0.26296804808005086,0.5244347524550044
-0.04,0.26246563642979337,0.2631162403661908,0.5240575715331098
-0.038,0.26234320381137155,0.26316457636817986,0.523700062554575
-0.036,0.2621836252476538,0.2632860734467622,0.5232974008570055
-0.034,0.2620201690284549,0.263427205144906,0.5229336956731062
-0.032,0.2618764051901394,0.26348472331519707,0.5225548298674936
-0.03,0.2617163315272512,0.2635467629120135,0.5221309530987123
-0.028,0.2615318529844147,0.2636411189148619,0.5217785848256222
-0.026,0.26136300695929504,0.26381625734087377,0.5213896411303639
-0.024,0.26123276642688364,0.26389680458810116,0.5209129806517618
-0.022,0.26110144449201345,0.2640079632994393,0.5205475413169027
-0.02,0.26092058289959924,0.2641075626220546,0.5201424136230605
-0.018,0.260804293778325,0.26418107402022867,0.5198116917606629
-0.016,0.2605758419320339,0.26429062983685875,0.5193118363677071
-0.014,0.26052545833360735,0.26435756382634185,0.519061289741765
-0.012,0.2603125330251247,0.26448265331112353,0.5186354539884974
-0.01,0.26020395839787874,0.26449245325474185,0.5183055842952881
-0.008,0.26005435828035917,0.26465743488328164,0.5178426455914238
-0.006,0.2598598436635087,0.26473792259683426,0.5174601845920489
-0.004,0.2597232488493437,0.26483265018176255,0.5171908053681156
-0.002,0.2595781645992108,0.2649249263236406,0.5167712307021369
0.0,0.2593854081576598,0.2649691909021985,0.516322706949736
0.002,0.2592318658968045,0.2651124598921967,0.5159435446193641
0.004,0.25908614059905255,0.2652608171642262,0.51552957792524
0.006,0.25893518584638836,0.26532604534802384,0.5152145004366548
0.008,0.25882067757061206,0.2653590830307011,0.5148062684136798
0.01,0.2586723646654897,0.26549145451802714,0.5144005981156462
0.012,0.2584650876853103,0.26555308259631055,0.5138832813019275
0.014,0.2583079354608362,0.26572031981756633,0.5134979411535383
0.016,0.25811371173432973,0.26575426527647417,0.513280722187102
0.018,0.25802530278963554,0.26583373261903337,0.5128345143995308
0.02,0.257893554467478,0.26591778501849134,0.5123836587406231
0.022,0.2577667283381544,0.2660206220796227,0.5120661023157792
0.024,0.25760162624690225,0.26610218024617854,0.5116847134733673
0.026,0.25745752606361805,0.2662654478133947,0.5112759178823959
0.028,0.2572741258866678,0.266290472226094,0.5109043894655974
0.03,0.25712434138192947,0.26637989355265734,0.5105431685142983
0.032,0.2569642110993433,0.2664302602381579,0.5101745114525982
0.034,0.25685483940494286,0.26653477659127955,0.5097113811500196
0.036,0.2566374956737478,0.26664943226132304,0.5093656448028092
0.038,0.2565886570700643,0.26670938402307975,0.50907684950744
0.04,0.2563928575031626,0.2668523458211484,0.5085930882884632
0.042,0.2562517961631797,0.2668849201366652,0.5083398845850586
0.044,0.2560832951784768,0.2669640222210292,0.5078726344350392
0.046,0.2559413577683259,0.2670808619293092,0.5074963822729094
0.048,0.2557999474013348,0.2671395323245314,0.5071518592031248
0.05,0.25565031077919476,0.26718571629248716,0.5067518891237509
0.052,0.25547908741818875,0.2673170609994879,0.5063684400210788
0.054,0.2553334157165196,0.2673667567475551,0.5059930964606448
0.056,0.2551803642260489,0.26750008079440324,0.5055882692683412
0.058,0.2550510596199737,0.2676014662768436,0.5052088125067652
0.06,0.2549348508146866,0.26770756976652593,0.5048089462478472
0.062,0.25480255412933844,0.26774653314637714,0.5045708887153669
0.064,0.2546390461589931,0.2678344122372935,0.5041224308101924
0.066,0.25449852813952434,0.26793406700684474,0.5036896722268719
0.068,0.2543754725661592,0.2679803966207414,0.5034440135827406
0.07,0.2542310026337735,0.2681294583802738,0.5030119923021367
0.072,0.25405672018439407,0.26808645083421384,0.5026086655827151
0.074,0.25391821523952873,0.2682316768014169,0.5022581696358835
0.076,0.25374691509521907,0.26833748226440934,0.5018565260962038
0.078,0.2535883332567535,0.2683642076910166,0.5013921004261632
0.08,0.25350673478757163,0.2685022736998091,0.5010556593413595
0.082,0.2533440685310788,0.2685351822382634,0.5006495301016802
0.084,0.25320300138661234,0.26862316849022105,0.5003796897707798
0.086,0.25305972839627955,0.2686709290761415,0.4999532828028165
0.088,0.25288623522977954,0.26879522290443186,0.49952358259974383
0.09,0.25277456378560803,0.2688661266202609,0.4992090659240879
0.092,0.25264375958267804,0.26889563704165126,0.4988589697591656
0.094,0.25247963236838733,0.269071255653028,0.498481254806671
0.096,0.25234159186453786,0.2691073752703013,0.4981359642518548
0.098,0.2522220245576439,0.2691845334759661,0.49770819225089097
0.1,0.2520547839639933,0.2693245827194533,0.49745413578471187
0.102,0.25189169332336003,0.2693652912990169,0.49702106013278036
0.104,0.2517823073462538,0.26937492801977336,0.49663100440859403
0.106,0.2516290476472519,0.2695368822659943,0.4962557175153655
0.108,0.25151544967034634,0.2696220408760066,0.4958113332687055
0.11,0.251360343177496,0.2696736936497735,0.4955552716902999
0.112,0.251253269920571,0.2697135193029148,0.49513686216814273
0.114,0.25104146351647577,0.2697886644289839,0.4947792455204872
0.116,0.2509551036473457,0.2698851282187971,0.49446438040083873
0.118,0.2507882609142256,0.26987054248959685,0.49405691438831295
0.12,0.250624564410526,0.2700270158099723,0.4936943387050932
0.122,0.25049944777075606,0.27009569127406885,0.4933644621891595
0.124,0.2503775873812897,0.2701822542218293,0.4930051069221005
0.126,0.25023481396903874,0.27017933686448237,0.4925921648439835
0.128,0.2501009297263946,0.2703336084664256,0.49219560095841985
0.13,0.2499458780676651,0.2703885886063495,0.4918835009548581
0.132,0.24982155426357916,0.2704570930188207,0.49151110805060877
0.134,0.24962758577941185,0.2705389940766148,0.4911068719289725
0.136,0.2495069141912511,0.2706309674991349,0.49082665808190984
0.138,0.24943019360268917,0.27063883542281736,0.4904279711386557
0.14,0.2492929170047419,0.27069041139196376,0.4901222025289279
0.142,0.24914165267036806,0.2708231480614113,0.489640688341598
0.144,0.24900518177102235,0.27091076406313747,0.4893088562631922
0.146,0.2488500825041233,0.27096417460915945,0.4888996343496325
0.148,0.24874587702206635,0.2710515594302323,0.48860021247646646
0.15,0.24854648346691835,0.27104019530956175,0.48823747120013977
0.152,0.24850114554510921,0.27115862441540206,0.4878869123198884
0.154,0.2482915194398737,0.271233177400816,0.4874875766204708
0.156,0.2481553851933104,0.27130801528095905,0.48721104356904077
0.158,0.24805773867181086,0.2714142074573792,0.4868191593197452
0.16,0.24789981575440462,0.27140392859958684,0.48652220443700633
0.162,0.2477546726459754,0.2715521917148597,0.4860137684523305
0.164,0.24762777722416013,0.27156210155231825,0.48572406795431183
0.166,0.24750806004308093,0.2715939185795694,0.4853213572936899
0.168,0.2473508266525136,0.2716798956353422,0.4850258556320011
0.17,0.24718179156542253,0.2717736877382406,0.48459739136025126
0.172,0.24710566793994806,0.27185198825547147,0.48427261649835035
0.174,0.24697645565315907,0.2719133753954284,0.4838409848265367
0.176,0.2467892633725922,0.27197491444751043,0.48356332671699254
0.178,0.24667568702785142,0.2720285957095467,0.48313931998360676
0.18,0.24655128988472572,0.2720734979009274,0.4829080771291026
0.182,0.24641640306442117,0.27219037772835064,0.48243784934447925
0.184,0.2463236509088613,0.27222713053129655,0.48204355944863914
0.186,0.24616365829251774,0.27229557036474916,0.4818059400043043
0.188,0.24600752861275754,0.27237354260097985,0.48142030055683716
0.19,0.24588103260548738,0.2724194459313089,0.4811071143519231
0.192,0.2457916017604025,0.27248618612022457,0.48080119947715216
0.194,0.2456496373955296,0.27259388331280954,0.4804195701701679
0.196,0.2455140507234327,0.2725900814876234,0.48000580338314736
0.198,0.2453622822539902,0.27261579679380477,0.47965481923488146
0.2,0.24526432886125402,0.2726934904808709,0.4792982469698288
0.202,0.2450823285409826,0.27277874141828645,0.47896455723295434
0.204,0.24496558497924678,0.27290432814559784,0.4786201893193264
0.206,0.2449035159578261,0.2729422475289702,0.47819354030962075
0.208,0.2447121832782821,0.2730046207075735,0.47792396117818636
0.21,0.2445629020158755,0.2730889013386679,0.4775177971032176
0.212,0.2444357844101293,0.2730561773495795,0.47714172138726135
0.214,0.24431797961670543,0.2731577444172156,0.47678517644353574
0.216,0.2441911625808213,0.27322656402709267,0.4764570834956124
0.218,0.244077780485934,0.27326235582972525,0.47619379856894084
0.22,0.24393074938488804,0.27340543393162353,0.4758206096577021
0.222,0.24381629605112018,0.273419764463142,0.4754465387710808
0.224,0.24368561565366864,0.27348766719253775,0.4751179893974398
0.226,0.2435112470887529,0.2735146959661229,0.47471145290308303
0.228,0.24342701213719187,0.27363395071611646,0.4743969224739119
0.23,0.2433071102374121,0.27363743565690324,0.4739988200829128
0.232,0.24311897999964957,0.27373413659495616,0.4737446540628853
0.234,0.24300969313000903,0.2737786544334262,0.47333299242365934
0.236,0.2428798418501758,0.27382241031613636,0.47290738346524164
0.238,0.24273424730622373,0.27392219636972337,0.4726499647966378
0.24,0.24261255342717195,0.2739578692270298,0.4722359183759953
0.242,0.24252473430930926,0.27401331557642356,0.4719142269422517
0.244,0.24238220664918747,0.2740972181846667,0.4716242228368308
0.246,0.24224805421100568,0.2741178481703868,0.4711797484596572
0.248,0.24209196811315303,0.27420436039733914,0.47090867886421744
0.25,0.24195707271036104,0.27425458535145253,0.47051609836742425
0.252,0.24182329540620065,0.2743225797439336,0.47021867290839187
0.254,0.24174565072359175,0.2743563298799363,0.4699960391741321
0.256,0.24159849956784799,0.27438895874101193,0.46961388895619305
0.258,0.2414866268022485,0.2744756902083437,0.46921050546996734
0.26,0.24127671233455125,0.27454070312806417,0.46886212767476826
0.262,0.24122880350299497,0.27455976930313264,0.4684704784193815
0.264,0.2410927694166699,0.2746071442821462,0.46819791344426853
0.266,0.24093874334356943,0.2746567297484557,0.4678345618578005
0.268,0.240803771808896,0.2747586591604623,0.4674596621448141
0.27,0.24071711307756696,0.2747744986250893,0.46701893543740713
0.272,0.240571527821683,0.27484815741567253,0.46687990885139824
0.274,0.24046202994224833,0.2748434780634825,0.46650449071597894
0.276,0.24031286080261313,0.2749945494250342,0.46617256675466584
0.278,0.24021714444632267,0.27496779401810895,0.46580439015999076
0.28,0.24008770710542804,0.27503316026576036,0.4654383375263886
0.282,0.2399551792058274,0.275112602838952,0.4651724869406688
0.284,0.23981967914345131,0.27515591167126785,0.4647908151893277
0.286,0.2397078035135409,0.27520209482348956,0.46442100840484346
0.288,0.23956168115653073,0.275263473053022,0.46402274043445124
0.29,0.2394424897017878,0.2752895350710063,0.46373092271612226
0.292,0.23931372234560455,0.27537044924445203,0.46334271283820083
0.294,0.23916814258662797,0.27542727903055825,0.46308698759267103
0.296,0.2390391880362332,0.27549871160664735,0.4627359662251369
0.298,0.2389344936074242,0.27550165206064314,0.46243080926307895
0.3,0.23879366715845676,0.2755741193266196,0.4620784138512751
0.302,0.23867790306872622,0.27562225581158006,0.4617294217155214
0.304,0.23853888264919484,0.2756441281377263,0.46136769708045205
0.306,0.2383958744313312,0.27567950264216,0.4611270429189736
0.308,0.23834057927734356,0.2757533949426171,0.4607816371918382
0.31,0.23820249244205707,0.27579563787289446,0.46028694557456923
0.312,0.23807081050075427,0.27588053752565966,0.4600581886620482
0.314,0.23793200320146246,0.2759154865105884,0.4596597673440862
0.316,0.237783281857431,0.2759595251979874,0.45938086671078004
0.318,0.2377231719586182,0.2760104984213719,0.4589851911664465
0.32,0.23757452091689674,0.2760501861100952,0.458675144150696
0.322,0.2374477551744263,0.27609148806432277,0.4583571900389314
0.324,0.23735659148209629,0.2761043478334439,0.457984041364242
0.326,0.2371976930705136,0.2762148694389856,0.4576723907208378
0.328,0.23707923160890346,0.27626152442461616,0.45740979898964274
0.33,0.23698767274252608,0.27626362114743863,0.45703997496419196
0.332,0.23688542612874977,0.2763368158534852,0.4567990639696712
0.334,0.23667794525074023,0.27640526518296127,0.4564164177280345
0.336,0.23667148232522733,0.27638997881965294,0.45605844903221526
0.338,0.2364717996556639,0.27647248679593095,0.45572134058660574
0.34,0.2363505816565905,0.276540088612159,0.4553881592036666
0.342,0.23622320957778736,0.27655104217966625,0.4550954321014669
0.344,0.23612107229863452,0.27662800803706744,0.4548025551581568
0.346,0.23597544683060542,0.276624599746993,0.45439376325812486
0.348,0.23583781849280655,0.2766913300940478,0.45405164266948567
0.35,0.235728583769232,0.2767746006798096,0.4537548209417769
0.352,0.2356586681615789,0.2767870161595835,0.45344249328268305
0.354,0.23548168260711339,0.2768650167817866,0.4531241261911405
0.356,0.23539713669100534,0.2768352744270224,0.4527568805204473
0.358,0.23528463468391345,0.2769426978671275,0.452420451422201
0.36,0.23515119717242383,0.2769266181684158,0.4520821168519629
0.362,0.23504842631454512,0.277016468495086,0.4517876549888871
0.364,0.23488966186502577,0.2770026315140326,0.45144416654370517
0.366,0.2348056492276882,0.2771281916213071,0.45107324751778677
0.368,0.2346694627940613,0.27715532066384646,0.45077012124535787
0.37,0.23451906221904126,0.27712499789385786,0.4504998311419221
0.372,0.2344054493550522,0.27727595069440736,0.4501771881041445
0.374,0.23436008170464406,0.2772614323758,0.4497900507770317
0.376,0.23416346556980153,0.27729310542250374,0.44945038923533626
0.378,0.23408102778359335,0.2773503569646573,0.4491609580911679
0.38,0.23392919704500678,0.27735668583888534,0.4488749856310831
0.382,0.23382281940151695,0.2774167844821343,0.44850717716255456
0.384,0.2336953258907928,0.2774345950992051,0.44822156970118315
0.386,0.23361599507260608,0.2775170838237991,0.44788272785297206
0.388,0.23349463997196965,0.2775606903054379,0.4476122091053585
0.39,0.23329694110650348,0.2775546200583138,0.4471855047873733
0.392,0.2332229613500507,0.27763135018505214,0.4469438157569624
0.394,0.23309117936181528,0.2776457173539923,0.44656505002741115
0.396,0.23295736215195845,0.2777092777182487,0.44636439384165955
0.398,0.23288543071084938,0.2777800623283151,0.4458348466359733
0.4,0.23275849108939747,0.27773368596460346,0.44558813730037894
0.402,0.23261440231209463,0.2777967750976133,0.4453324181914667
0.404,0.23249545493090518,0.2778682628172182,0.44504035650783225
0.406,0.23240019742563375,0.27787754875061543,0.4446799962417558
0.408,0.23223827120931503,0.27795792350791954,0.4443551050790702
0.41,0.23217599717272344,0.2779702871448009,0.44412940863228567
0.412,0.23200377881879733,0.27793910269826094,0.4437027237716223
0.414,0.23189756946562814,0.27804500528728054,0.4432989277907393
0.416,0.2318195066773406,0.2780614611733395,0.44306336772469307
0.418,0.23172589949625005,0.2781121588067318,0.44273697139589635
0.42,0.2315780233663083,0.2781169231988042,0.4424430699565526
0.422,0.23145596123027248,0.2781569427225975,0.44213893624045125
0.424,0.2313464068451225,0.2781918704745303,0.4417917157421347
0.426,0.23121628744329203,0.2782556961667102,0.4414959598244056
0.428,0.2311192251722039,0.2782753950951731,0.4411213379619485
0.43,0.23097447588180903,0.27832189281230657,0.4408225817232056
0.432,0.23087309050228633,0.2783459664268732,0.4405536685227118
0.434,0.2307848512048041,0.2783905552912793,0.44016984353243527
0.436,0.23068827331901332,0.2783820302299893,0.43995949778993465
0.438,0.23052494723827177,0.2784599179791849,0.43954271220710217
0.44,0.23042067837166996,0.2784821073082515,0.43921240267298367
0.442,0.23030996775086218,0.27850721439102655,0.4390275908179305
0.444,0.23017934012057253,0.2785844295512576,0.4386732263325291
0.446,0.23006195738645857,0.2785703371628414,0.4382984416234602
0.448,0.22995775590851883,0.2786509591056946,0.43791817685744944
0.45,0.22982493350842373,0.2786615740996596,0.43776380200169274
0.452,0.22971115739321193,0.27865180971750036,0.43735881488033246
0.454,0.229624688894262,0.27875477753235123,0.4370281602946578
0.456,0.22952092294135923,0.2787665410276939,0.4368408642996317
0.458,0.22935272612520943,0.2788024476410558,0.43642056992110095
0.46,0.2292665096637786,0.27879814186350355,0.4361047152246608
0.462,0.2291544425085354,0.2788260698404027,0.4357981165906839
0.464,0.2290358662853836,0.2788662458184646,0.4354772317182203
0.466,0.22890172315453414,0.2789253028083559,0.43521574836616017
0.468,0.22879978391993755,0.27892251406390556,0.43489284447264653
0.47,0.2287115908584232,0.27894241091772415,0.43460199855376197
0.472,0.22860957494134101,0.27903809426934345,0.4343400348261597
0.474,0.2284790699373953,0.27909751800517446,0.43389029757577424
0.476,0.2283202206382472,0.2790816761021061,0.43368980859096384
0.478,0.22823984247036797,0.2791265641778179,0.43337676591172236
0.48,0.22815216376904035,0.2791601076631105,0.4330259071493839
0.482,0.2280013772643807,0.2791887655462887,0.43274451119479124
0.484,0.22790280022785045,0.2792178487834362,0.4324734701921405
0.486,0.22780527808833764,0.2791929662817717,0.43206902384269885
0.488,0.22765151940649844,0.27924116793845233,0.4317506426923856
0.49,0.22757561330934786,0.2792768403645279,0.4315107935396987
0.492,0.22745730144115767,0.27927174735122173,0.43120812461542823
0.494,0.2273336627741731,0.27933819920731073,0.43092697687801246
0.496,0.22722531925683773,0.2793926538588539,0.43054787217330637
0.498,0.22709897912034976,0.27941100085661563,0.4301826934493534
0.5,0.22699339698681625,0.27946471017514174,0.42992208820940064
0.502,0.22686482773129615,0.2794340779496811,0.42970127781561673
0.504,0.22672498563375193,0.2794563288351277,0.42937779882080157
0.506,0.2266569079268946,0.27947375293995386,0.42903625689778585
0.508,0.22654067691343713,0.2795877488568952,0.4287626866819696
0.51,0.22643201259359047,0.27955156093246586,0.42843216076962876
0.512,0.22633237130666656,0.2795473460179979,0.4280936924461297
0.514,0.2262057502540102,0.27965946730602365,0.42785521225787443
0.516,0.2261016264616708,0.27962068349784264,0.4274702723097034
0.518,0.2259745320571477,0.27966062513544754,0.4272020765213375
0.52,0.22589768972781538,0.27972724844978086,0.42691760680036545
0.522,0.22576736236584452,0.2797459417795183,0.4265888393577071
0.524,0.22563324038058374,0.27977267020905844,0.42630853361914933
0.526,0.2255372504221819,0.2797674548794163,0.42599068370332854
0.528,0.22545941270982728,0.27977950259181517,0.4257268768883464
0.53,0.22534333358313516,0.2798067751975382,0.42540817221698635
0.532,0.2252009678993357,0.2798687267022225,0.4250945379394425
0.534,0.2251069176961161,0.2798674436562758,0.4247365774942235
0.536,0.2249865766293706,0.27993935108248963,0.4245402076722994
0.538,0.22489070094048016,0.2799177178193809,0.42418093153494163
0.54,0.22474285541859002,0.27994698103460963,0.42390310874549847
0.542,0.22469815095492887,0.2799629299691721,0.4235382808625324
0.544,0.22455776641696423,0.2799772876179717,0.4233321364393758
0.546,0.2244526655379302,0.2799779692256916,0.4229634050173915
0.548,0.2243534247363309,0.2800630343256161,0.4226731772067935
0.55,0.22427794155643335,0.28006656371288075,0.4223878614884007
0.552,0.224103989722295,0.2801081592527678,0.42208010842072174
0.554,0.2240012939855107,0.28011114599998743,0.4217507619942292
0.556,0.22390339750495386,0.28012367591600423,0.4214691785952162
0.558,0.22376722199739865,0.28012523119493243,0.42118600699344133
0.56,0.22364665121078167,0.2802152115099101,0.42084411450006004
0.562,0.22355436872950682,0.2801848516711899,0.4206470124301017
0.564,0.22342106515233134,0.28025823096700736,0.4203220681237622
0.566,0.22331641798853105,0.2802091349757749,0.4200586510407897
0.568,0.22323477030332994,0.28029328670215214,0.419754669224127
0.57,0.22309662519843243,0.28029677878605336,0.41940213012784827
0.572,0.22302505614420914,0.28029689934519486,0.41904418900422047
0.574,0.22291716923009064,0.28037109511472486,0.41878961421104
0.576,0.22277113358546838,0.2803069169864336,0.4184921063673488
0.578,0.22267198588021028,0.28035785445944666,0.4181746100150586
0.58,0.22257018750143628,0.28039543442863135,0.41798486107756316
0.582,0.22242340046425532,0.28035492867539646,0.4176669791649723
0.584,0.22236663392578776,0.2804394562292873,0.41737742649772597
0.586,0.2222333962624947,0.28040396996158456,0.41707584516477414
0.588,0.2221125608343829,0.28042485740001405,0.4167316409748303
0.59,0.2220495407334181,0.2804827895578273,0.4164716617911905
0.592,0.22193840475243154,0.28045484776121693,0.4161267956216822
0.594,0.22181107985196244,0.2805492985075614,0.41591579336086065
0.596,0.22167759702635667,0.28054301162226336,0.41554442250806783
0.598,0.2215877517493898,0.28056650680909795,0.41523596485218517
0.6,0.22145177419576856,0.2805813149149554,0.4149934108186437
0.602,0.22136557039208604,0.2806058827891541,0.4146712677982479
0.604,0.22124831243798768,0.2806373328421545,0.4144491018043953
0.606,0.22117589172140326,0.2806659715934236,0.41408375489933424
0.608,0.22105256443915894,0.28069604034932066,0.41382565558629686
0.61,0.22098784092762408,0.28066495699778066,0.4135538384426222
0.612,0.22085103959882357,0.2806017557545154,0.413277594046729
0.614,0.22069370171692151,0.2807055801298478,0.4129269212691559
0.616,0.2206600740006134,0.28068071258029864,0.4126941047700833
0.618,0.22053999706077707,0.2807081001215494,0.41248057880690925
0.62,0.2204275102549861,0.2807670505334105,0.4121624328198609
0.622,0.22030403041067043,0.2807830932616996,0.4118107778913761
0.624,0.22015921817158288,0.28077351298923336,0.41151718349119054
0.626,0.2200863470738552,0.28077375265053645,0.41123227906475635
0.628,0.21997539564281945,0.280826448818588,0.4108934755096756
0.63,0.2198566499110736,0.28084432049337277,0.41068325226089586
0.632,0.21979131434882618,0.2808462654801756,0.41029781245418684
0.634,0.21964218289456025,0.28085234548587945,0.4101938830134675
0.636,0.21958067780127302,0.28085372519340646,0.4097855644472327
0.638,0.21944680066917938,0.2809420549881438,0.4094649576430226
0.64,0.21933812331205352,0.2808790962088773,0.4092235200520413
0.642,0.21925683707841379,0.28096869493049614,0.4089130400713798
0.644,0.21911347248195945,0.28092578579065186,0.40868530609157194
0.646,0.21903467405369334,0.2809375195756262,0.4083939786944823
0.648,0.21893017380252974,0.280958987102743,0.40806886514308505
0.65,0.2188588842975977,0.2809636800221558,0.40779529978299417
0.652,0.21868435942986872,0.2809675008674194,0.40750832906318907
0.654,0.21857947322101315,0.2810097648768075,0.40724023139055987
0.656,0.2185007872882335,0.2810445277681121,0.40686382304930346
0.658,0.21835568030925015,0.2810002855670988,0.40659451790083395
0.66,0.21831746317022763,0.28110603905880294,0.4063677926195708
0.662,0.21818285399931092,0.2810683120168664,0.4060760346938251
0.664,0.21807503794927818,0.2810243894051853,0.40579515374798475
0.666,0.21796599033765374,0.2810700200642758,0.4054851456191857
0.668,0.21789416747527207,0.2810354109585637,0.40519085254525367
0.67,0.21778289860112732,0.2810666309212005,0.4049271151174393
0.672,0.21769793841106835,0.2810672483418339,0.40464382218970446
0.674,0.21752508835957743,0.28116447132205025,0.4044624951967335
0.676,0.21743500983711206,0.2811083869349505,0.40408451920565447
0.678,0.21737870844796575,0.28115833778626625,0.40385660907160664
0.68,0.21723204774976856,0.2811723982521803,0.40353336001516243
0.682,0.21715560306563472,0.2812050413901269,0.4032129863176283
0.684,0.21703930402993457,0.28119204412401333,0.40302378719808263
0.686,0.21695313104546513,0.28120579606270624,0.40270422474101764
0.688,0.21684264570818743,0.2812745377139315,0.4024456258868055
0.69,0.21676044454845494,0.28119055583292224,0.4021782902476051
0.692,0.21659304001321603,0.2812445856474801,0.4017711686397321
0.694,0.21653856787810763,0.2812491656260808,0.40158558826822355
0.696,0.2163873208568654,0.2812234871902119,0.4012976772693886
0.698,0.21629813290055683,0.281256687355972,0.4010464852611977
0.7,0.2161906615910646,0.2812150747294993,0.400755948891871
0.702,0.21605370830189233,0.2812668907167361,0.40046873717831155
0.704,0.21600508190910467,0.28126305810494945,0.4001479007176668
0.706,0.21587833774333554,0.28129822438445384,0.39991511296167964
0.708,0.2157745824732882,0.2813101303731437,0.3995865348736581
0.71,0.21571369602381255,0.2812863406122032,0.39933992362285414
0.712,0.21559331443464763,0.2813029293034541,0.3991208014025366
0.714,0.2154890405695891,0.281316202587094,0.39887085342847295
0.716,0.2153826734523144,0.28138672087107364,0.3984921531663078
0.718,0.2153105076609739,0.28134554425082914,0.3982324604345666
0.72,0.21514841754800842,0.2813645624663533,0.39799522634054085
0.722,0.21508849574148725,0.2813310931563246,0.3976636497400531
0.724,0.21494135166351794,0.2813815499969845,0.39741314003992184
0.726,0.21487389775488352,0.281341763320573,0.39712132728587257
0.728,0.2147685357243523,0.28140922702790255,0.3968793783432939
0.73,0.21465658993128656,0.28139148581445445,0.39654725050141126
0.732,0.2145305492142965,0.28135574499077304,0.3963725453022189
0.734,0.21442743049981972,0.2813865574743524,0.3960730496052112
0.736,0.21438193909652817,0.28142159108897985,0.39579338309116785
0.738,0.21422405637927794,0.2813720835452802,0.395419318803767
0.74,0.21415821222624232,0.2814342996735979,0.3951927417224348
0.742,0.21407925659315769,0.28145301180306453,0.39495013904217785
0.744,0.21391521999547256,0.28139688188013035,0.39464585165227095
0.746,0.2138663583742909,0.28141862593057004,0.3943703054988355
0.748,0.21375300489587304,0.2814928516542644,0.394199472760653
0.75,0.21358818111310093,0.28150576426832463,0.3938879718925645
0.752,0.2134991259033687,0.2814273553378872,0.39354952207415683
0.754,0.21345046153196426,0.2815389485944552,0.39327029244816586
0.756,0.21334120885619934,0.2814980591867451,0.3930466060654425
0.758,0.2132727745170666,0.281469312714119,0.3927867442810691
0.76,0.21314949961458676,0.2814946239202054,0.3924982086567229
0.762,0.21300085020802098,0.28146527606250765,0.39224933906484566
0.764,0.2129191066103362,0.2814727505858495,0.3919733945485565
0.766,0.21279803828507254,0.28151605329681484,0.39172173439415725
0.768,0.2127542665634195,0.28148864306883437,0.3913608140100973
0.77,0.21265725689032663,0.2815071343480612,0.39110729918568987
0.772,0.21254148929427133,0.2815215065669944,0.39087165697663745
0.774,0.21243614598717295,0.2815485078527257,0.39062715682135457
0.776,0.2122986238169198,0.2815252678534055,0.3904429361271482
0.778,0.21221418401485512,0.28149525494706185,0.3900458921876928
0.78,0.21215419750891767,0.2815078604194231,0.38986011678734683
0.782,0.21202378160352342,0.2815073812480385,0.38947853994391524
0.784,0.21193041726892498,0.2814870447057015,0.38923295296899424
0.786,0.21185438303849002,0.28154469205436117,0.3889443379982235
0.788,0.21172967776143892,0.2815555554438315,0.3887300612692039
0.79,0.2116231940634131,0.28151304047554315,0.3884617319628384
0.792,0.211529162428967,0.28155372051038724,0.3882086179498865
0.794,0.21144129297096872,0.2814813156574959,0.3879650426465584
0.796,0.21130947500128933,0.2815398607709181,0.3876819529022684
0.798,0.21119920330081743,0.28155774507334025,0.38743142503434075
0.8,0.2111202255263429,0.28150716216653093,0.3871577797605282
0.802,0.21102522446024574,0.2815564545487924,0.3869322834717747
0.804,0.21094755975117954,0.28154235389511434,0.38662454490687936
0.806,0.21085548016002253,0.28157941070677317,0.38638415283655936
0.808,0.2107176123190655,0.28157195952269465,0.3860799138257566
0.81,0.2106199911200802,0.2815870651779338,0.3858872189290902
0.812,0.2105322518798672,0.28157769211036515,0.3855910828954273
0.814,0.2104126431415257,0.28153473982385585,0.385313626427346
0.816,0.21029637623896333,0.2815545246265457,0.3850489458687657
0.818,0.2102566097360178,0.2814806783735463,0.3847726608041244
0.82,0.21010856771715122,0.2815509912698722,0.38455905597909834
0.822,0.21002635496444383,0.2816146298768107,0.38425675676387006
0.824,0.20991640056492716,0.2815741818247863,0.3839911561542423
0.826,0.2098207609532592,0.2815810961336653,0.38373177007172987
0.828,0.20975146318249466,0.28152980954540313,0.3834563502002386
0.83,0.20965550463514684,0.2815750115295331,0.38319815856009193
0.832,0.20953261220751726,0.281559129269581,0.38292077601618013
0.834,0.20942301308941705,0.2815796329405382,0.38272988304754196
0.836,0.2093661104286412,0.2815383181411241,0.382368210600525
0.838,0.20923426481772878,0.2815231119273585,0.3821530721766403
0.84,0.20915038402760844,0.28154557577695993,0.3819183766937751
0.842,0.20903310270767794,0.2815265368889862,0.3816379455857938
0.844,0.20896973838983926,0.2815911316540722,0.3814356998503709
0.846,0.2088432758086969,0.2815991328050142,0.38113853112226764
0.848,0.20872660048839536,0.28152954730478025,0.380844990765065
0.85,0.20864908274550975,0.28155195588250936,0.3805441275875949
0.852,0.2085482929493372,0.2815335831446338,0.3802612051537478
0.854,0.20844193236197756,0.28157171395362773,0.38005929025176605
0.856,0.208340335326231,0.28156776010306067,0.3797954031572058
0.858,0.20821725294546117,0.281524312687991,0.37956751686176166
0.86,0.20814683008436285,0.2815168164010142,0.37933185650605933
0.862,0.2080524339950149,0.28147445087657574,0.37900948486238106
0.864,0.20797146475150663,0.28149342167827623,0.37877495531470956
0.866,0.20787661164453067,0.281556678859845,0.3785497675940749
0.868,0.2077611113913683,0.28153839691279375,0.3782864939982985
0.87,0.2076708688287551,0.2815182694407665,0.37797974154929337
0.872,0.2075926377940479,0.2815358017575643,0.37772829133159935
0.874,0.20748888477461672,0.2815118198071819,0.3774675370114196
0.876,0.2073906638240804,0.2814904365161457,0.37726118502407097
0.878,0.20726612278371348,0.28150212918519396,0.3769788813518511
0.88,0.2072051680651803,0.2814993801243491,0.37673456349617745
0.882,0.20708288317947807,0.2815307540158284,0.37647635872903823
0.884,0.20700958645354442,0.281462793201069,0.37624893721643177
0.886,0.2069306006452117,0.28149629543121296,0.3759166693896578
0.888,0.20682766784879433,0.28144781281782183,0.375686728112105
0.89,0.20673381351619777,0.28149511726381987,0.37542191066830216
0.892,0.2066199305872516,0.28151001370259116,0.37518391889889663
0.894,0.20653697218419048,0.281478604703092,0.3748841515020464
0.896,0.20643971829343044,0.2814180554541544,0.37474099307622005
0.898,0.20634548438865702,0.28142637162238193,0.37445083197626344
0.9,0.20624522740383455,0.2814370425960325,0.3742269328510393
0.902,0.20614982763130943,0.2814384783450967,0.3739464875305388
0.904,0.2060299335595148,0.2814096438908368,0.373673758409606
0.906,0.20594075044898,0.2814070118082128,0.3734342808245963
0.908,0.2058685961496415,0.28141472713926247,0.37314044845147193
0.91,0.205725355851712,0.2813742188130441,0.37295620059081386
0.912,0.20566151446544656,0.2814107073925739,0.37270060878701744
0.914,0.20555490377981103,0.2813780949490705,0.3723224202149041
0.916,0.20543985327563544,0.28137813247423316,0.37218053831668796
0.918,0.2053625889467785,0.28139699183277395,0.3719447858295481
0.92,0.20525688087442895,0.2814343175306995,0.37164181201913504
0.922,0.20519237664463721,0.2813562679724259,0.3714597765844894
0.924,0.20508182584632634,0.2813514094074346,0.3712430340223829
0.926,0.20497502316236454,0.28138153746839106,0.3709470140875864
0.928,0.20487311988153,0.2813740698465352,0.37070631877900173
0.93,0.20481028960372236,0.2813015280169539,0.37039582791073017
0.932,0.20470640173978275,0.28131086380635745,0.3701186917317594
0.934,0.20457477286858722,0.2813805726281928,0.36992258984674276
0.936,0.204546650404266,0.2813256594901499,0.3696811287442853
0.938,0.20444140767812746,0.2812968001827331,0.3694186544962895
0.94,0.2043195574268519,0.2812957449885181,0.3691413276530372
0.942,0.20421081884819312,0.28126257709280056,0.36885976303996915
0.944,0.2041132498541414,0.2812929147896915,0.36868496310770527
0.946,0.20402228004387152,0.28128600197120646,0.368413061749825
0.948,0.2039456443004112,0.28126706326080353,0.3681717866231261
0.95,0.20387273090019664,0.2812856135610071,0.367967058611515
0.952,0.20376012582650035,0.28127914659167913,0.3676484565017325
0.954,0.20366220591219725,0.2812777002133445,0.3674603901837875
0.956,0.20357373119295702,0.2811916864435394,0.36720112110231573
0.958,0.2034953473314906,0.2812016857866625,0.3669363630463095
0.96,0.20336846022948452,0.2812457479875999,0.3666852708013186
0.962,0.20325710271107833,0.2812141414178869,0.3664187601829722
0.964,0.20315983142737098,0.28117213891432213,0.36626183784444644
0.966,0.2030857195336081,0.2811898702409259,0.3659195986918653
0.968,0.20301935473668034,0.2811607412702314,0.36568739477243983
0.97,0.2028877269681187,0.2811618094877748,0.3654418800122117
0.972,0.20283430855820755,0.2811800300822613,0.36522112335820844
0.974,0.20268664230704403,0.2811666130437713,0.36496771217872026
0.976,0.2025935484070675,0.28110030905392364,0.36469304713762407
0.978,0.2025248630409408,0.28105693372609636,0.36446319304597563
0.98,0.20246570964675428,0.2810986264724443,0.36418634266868866
0.982,0.20236233880592214,0.28106418858710247,0.3639795574593916
0.984,0.20222762946378314,0.2810537324635614,0.3637735338230319
0.986,0.20214782741332457,0.2810497441682696,0.36351528978659237
0.988,0.2020355080000502,0.2810071011412019,0.36324940045082565
0.99,0.201957301667789,0.28098416128902143,0.3629635142673179
0.992,0.2018846323441675,0.2810711339954577,0.36278564896281934
0.994,0.20178342287217244,0.2809912266237267,0.36256556388528693
0.996,0.2016694594043394,0.2809577435233172,0.3622985624262418
0.998,0.20155123470915864,0.28098317317316485,0.36209210757558197
1.0,0.20151556830365086,0.2809435751172382,0.36182271129085836
