-1.0,0.3530000022431001,0.4579999947354206
-0.998,0.3528304984356639,0.45800000470715135
-0.996,0.3526613948104851,0.4580000019553066
-0.994,0.3524927088718106,0.45799999838815264
-0.992,0.3523244218862627,0.4579999981770364
-0.99,0.3521565403503399,0.45799999243432593
-0.988,0.35198906641356126,0.45800000183701817
-0.986,0.35182198196314485,0.45800000469499486
-0.984,0.351655302942999,0.4580000004773633
-0.982,0.3514890310858383,0.4579999958435795
-0.98,0.3513231455768904,0.45800001219389885
-0.978,0.3511576690288832,0.45799999898945276
-0.976,0.3509925887324216,0.4579999966711652
-0.974,0.3508278908950834,0.4580000067262169
-0.972,0.35066360389992257,0.45800000044529676
-0.97,0.35049969079483423,0.45800000175003436
-0.968,0.3503361856400141,0.4580000039866057
-0.966,0.3501730647442047,0.4579999996832875
-0.964,0.3500103325563313,0.4579999989764367
-0.962,0.3498479919056843,0.4579999957973379
-0.96,0.34968604023304484,0.45800000431594307
-0.958,0.3495244785314765,0.4579999927647837
-0.956,0.34936329175917136,0.45800000171592886
-0.954,0.3492025085452891,0.4580000001779507
-0.952,0.34904209345062015,0.4579999927701305
-0.95,0.34888206264245253,0.4580000104805238
-0.948,0.34872241194346426,0.4580000075209317
-0.946,0.34856315006323446,0.45800000175987066
-0.944,0.348404259684503,0.4579999932029921
-0.942,0.34824575594481905,0.4579999990966471
-0.94,0.34808762988669906,0.45800000321066225
-0.938,0.34792987299086375,0.4579999969616496
-0.936,0.3477725011934937,0.4579999957402216
-0.934,0.3476154843599479,0.45800000472138885
-0.932,0.34745886128101416,0.4579999973497431
-0.93,0.3473026100312232,0.45800000480125247
-0.928,0.34714672033464644,0.4580000050224662
-0.926,0.34699121000380356,0.45799999972765665
-0.924,0.3468360612896437,0.4580000087975854
-0.922,0.34668128800967174,0.4579999933005173
-0.92,0.3465268744223982,0.45799999642544414
-0.918,0.3463728266985982,0.45799999495170424
-0.916,0.34621915706033807,0.45800000218626374
-0.914,0.34606584655217176,0.4579999969942625
-0.912,0.3459128896462909,0.4580000033406589
-0.91,0.3457603142778084,0.4579999950760596
-0.908,0.3456080778172944,0.4579999942377647
-0.906,0.34545622248124,0.45799999334038305
-0.904,0.3453047116496983,0.4579999950516377
-0.902,0.3451535700587084,0.4579999990408564
-0.9,0.3450027878608293,0.4580000053814374
-0.898,0.34485235029607697,0.4579999989660091
-0.896,0.3447022793123381,0.458000005880707
-0.894,0.34455255763786125,0.45800000194357193
-0.892,0.344403202745729,0.45799999309431955
-0.89,0.34425418299496374,0.45799999413940207
-0.888,0.3441055153634755,0.45799999530791996
-0.886,0.3439572076638251,0.4579999992173946
-0.884,0.3438092521423886,0.4580000075330156
-0.882,0.3436616467307702,0.4580000058913487
-0.88,0.3435143818696692,0.45800000027645615
-0.878,0.3433674704591091,0.4579999999155118
-0.876,0.34322090091794816,0.4580000011182334
-0.874,0.3430746807908904,0.4580000026225761
-0.872,0.342928801139476,0.45799999825428944
-0.87,0.3427832705889498,0.458000002352952
-0.868,0.3426380833691586,0.45800000279338626
-0.866,0.34249322511744557,0.45800000331249546
-0.864,0.3423487234530755,0.4580000005367836
-0.862,0.34220455611465417,0.4580000042019119
-0.86,0.34206072408735255,0.4579999963370469
-0.858,0.3419172386022526,0.45800000556341736
-0.856,0.34177408167623224,0.4579999927586506
-0.854,0.3416312653469914,0.4580000023966261
-0.852,0.34148878091510787,0.45799999855666407
-0.85,0.3413466328671465,0.45799999466400443
-0.848,0.3412048123973141,0.4579999989981697
-0.846,0.34106333474030676,0.45799999886777665
-0.844,0.3409221865807126,0.4579999973311268
-0.842,0.3407813705665922,0.4579999960549943
-0.84,0.34064088281821636,0.4580000060615691
-0.838,0.34050071493826917,0.45800000528365364
-0.836,0.3403608927787379,0.4579999959212736
-0.834,0.3402213873888087,0.4579999918073883
-0.832,0.3400822105822192,0.4580000085528066
-0.83,0.3399433611941783,0.45799999519444523
-0.828,0.3398048353945493,0.4579999963032006
-0.826,0.3396666253149029,0.45799999797522956
-0.824,0.3395287438239711,0.4580000037317384
-0.822,0.3393911889136083,0.45799999282969645
-0.82,0.3392539549891437,0.45800000009297986
-0.818,0.3391170383242654,0.4580000041404481
-0.816,0.3389804414228524,0.45799999667525937
-0.814,0.33884416175119947,0.45800000411267633
-0.812,0.33870820030005566,0.45799999903439925
-0.81,0.3385725682302002,0.4580000006790206
-0.808,0.3384372391773549,0.45800000400651675
-0.806,0.3383022251132064,0.4580000000989703
-0.804,0.3381675215334878,0.4579999992059974
-0.802,0.3380331428733952,0.458000002289743
-0.8,0.3378990640757848,0.458000000412898
-0.798,0.33776530734332916,0.45799999906672
-0.796,0.3376318579467639,0.4580000045074841
-0.794,0.33749871670557335,0.45799999126084984
-0.792,0.3373658988249121,0.4580000003469987
-0.79,0.3372333694165556,0.4580000007255944
-0.788,0.33710115468377877,0.4580000059690287
-0.786,0.33696925149921164,0.45799999657481405
-0.784,0.33683764484425577,0.45799999819809145
-0.782,0.3367063600769445,0.45799999681777076
-0.78,0.3365753638149,0.4579999967512432
-0.778,0.3364446719947521,0.457999999260674
-0.776,0.33631429707788085,0.45799999993704615
-0.774,0.3361842051263397,0.45799999971006744
-0.772,0.3360544268071929,0.4580000058026686
-0.77,0.33592494424719094,0.4580000002260828
-0.768,0.33579575741564277,0.4579999953956525
-0.766,0.3356668793934411,0.45800000171632976
-0.764,0.3355382886360445,0.45800000335852104
-0.762,0.3354100096344612,0.458000000998638
-0.76,0.3352820042177263,0.45799999282033405
-0.758,0.33515431067037493,0.45800000472576086
-0.756,0.3350269116699672,0.45799999923777873
-0.754,0.3348997982536415,0.45799999561693383
-0.752,0.3347729860209535,0.4580000058331153
-0.75,0.3346464575844948,0.45800000305309413
-0.748,0.33452021880137506,0.45800000345998143
-0.746,0.3343942852597767,0.45800001082928277
-0.744,0.33426863187177325,0.4580000012036495
-0.742,0.3341432681823571,0.45800000848352884
-0.74,0.3340181929688474,0.45800000318728745
-0.738,0.33389340769439796,0.45799999572731104
-0.736,0.33376889851123503,0.45800000124846574
-0.734,0.3336446845313774,0.45799999917117623
-0.732,0.3335207605537098,0.4579999983404705
-0.73,0.3333971065099966,0.4579999971097607
-0.728,0.3332737467173693,0.4580000084840249
-0.726,0.33315066541267335,0.4579999972395658
-0.724,0.33302787150203234,0.4580000102820196
-0.722,0.33290535837442314,0.4579999924838755
-0.72,0.33278311457526544,0.45799999932371904
-0.718,0.3326611589509531,0.45799999419634235
-0.716,0.33253948199140315,0.45799999783669876
-0.714,0.33241808310000426,0.45800000047812417
-0.712,0.33229696590447083,0.45800000177301137
-0.71,0.3321761177368434,0.4580000009172638
-0.708,0.33205554752256533,0.4580000061141796
-0.706,0.3319352590604099,0.45799998900212985
-0.704,0.3318152365847437,0.4579999942022369
-0.702,0.33169549321909386,0.4580000035057935
-0.7,0.3315760119735159,0.45800000343079567
-0.698,0.33145681721323816,0.4580000039205185
-0.696,0.33133788947638415,0.4579999960480121
-0.694,0.33121923451557594,0.45800000286106235
-0.692,0.33110084430864545,0.45800000086305287
-0.69,0.3309827325608638,0.4580000030775673
-0.688,0.3308648732730626,0.45800000475197383
-0.686,0.3307472863928386,0.45799999152727566
-0.684,0.33062996716519627,0.4579999967546451
-0.682,0.33051292278293304,0.4579999995216459
-0.68,0.3303961387263747,0.4580000014371223
-0.678,0.3302796187598635,0.45800000019012016
-0.676,0.3301633758573272,0.45799999930124585
-0.674,0.3300473680033265,0.4580000086289166
-0.672,0.3299316397354355,0.45800000042854905
-0.67,0.3298161688738925,0.4580000015542364
-0.668,0.3297009626382698,0.45799999779022865
-0.666,0.3295860263817944,0.45800000195303214
-0.664,0.3294713350683881,0.4580000001651589
-0.662,0.3293569083910613,0.45800000436842914
-0.66,0.32924274148796995,0.4580000041269971
-0.658,0.32912883540511967,0.4579999915255537
-0.656,0.3290151797194459,0.45800000115631007
-0.654,0.3289017843299435,0.4579999959833057
-0.652,0.3287886409956466,0.4579999972308219
-0.65,0.3286757516967184,0.45800000723918516
-0.648,0.32856312130112714,0.45799999625030646
-0.646,0.328450735547466,0.45800000207994135
-0.644,0.32833861733059566,0.4579999961083796
-0.642,0.32822673445960043,0.4580000056962315
-0.64,0.3281151181397819,0.4580000083474756
-0.638,0.32800374659415765,0.4579999895010535
-0.636,0.3278926265158227,0.4579999991572715
-0.634,0.32778175022782824,0.4580000000187609
-0.632,0.32767112873181314,0.45800000482694914
-0.63,0.32756075955789565,0.4580000024787065
-0.628,0.3274506202584551,0.45799999600156366
-0.626,0.32734073203308156,0.4579999970101189
-0.624,0.3272311000973596,0.458000005457527
-0.622,0.32712171187345085,0.4580000053937798
-0.62,0.3270125621517923,0.457999995609285
-0.618,0.32690365537399213,0.4579999987557175
-0.616,0.32679500309119625,0.45799999852015894
-0.614,0.32668657613355107,0.45799999726808727
-0.612,0.3265783979277092,0.4580000001263206
-0.61,0.32647047194003004,0.45800000260202245
-0.608,0.3263627746807451,0.4580000032207559
-0.606,0.32625532876610647,0.4580000014769158
-0.604,0.3261481066591216,0.45799999688251636
-0.602,0.3260411394036398,0.45800000796434953
-0.6,0.3259344000931067,0.4579999940539207
-0.598,0.3258278921298985,0.45799999783218037
-0.596,0.32572162620926487,0.4579999964060263
-0.594,0.3256156044194505,0.4580000038091982
-0.592,0.325509800635116,0.4579999992662357
-0.59,0.3254042502638207,0.45800000486519554
-0.588,0.325298924343264,0.4580000050022275
-0.586,0.3251938319534467,0.45800001283136177
-0.584,0.32508897828812405,0.4580000014273642
-0.582,0.3249843462443,0.4580000000166428
-0.58,0.32487995025761884,0.45800000146027725
-0.578,0.3247757889565935,0.4579999971002423
-0.576,0.32467185980017693,0.45800001414957
-0.574,0.3245681427926843,0.4580000057389983
-0.572,0.3244646763097273,0.4579999975112399
-0.57,0.3243614237308432,0.45800000367930116
-0.568,0.3242584049517609,0.4579999996782324
-0.566,0.3241556166482979,0.45800000422636244
-0.564,0.32405304801470597,0.4579999961737672
-0.562,0.32395070113121494,0.4580000053666311
-0.56,0.32384859702618823,0.45799999610433884
-0.558,0.3237466994448165,0.4579999974867659
-0.556,0.32364502184062544,0.45800000619854186
-0.554,0.32354358183829496,0.457999999120693
-0.552,0.3234423709797068,0.4579999948078055
-0.55,0.3233413629909376,0.45799999752108467
-0.548,0.32324058173073633,0.45800000143915925
-0.546,0.32314002422455007,0.4580000032951363
-0.544,0.32303968734803024,0.4579999990202425
-0.542,0.3229395705259759,0.4579999999063706
-0.54,0.3228396675712916,0.45799999606827163
-0.538,0.32273998724661573,0.45800001121482287
-0.536,0.322640515426861,0.45800000730637164
-0.534,0.32254127481580575,0.45800000595152635
-0.532,0.3224422486333753,0.4580000014429725
-0.53,0.32234343455333486,0.45800000558089676
-0.528,0.3222448301254007,0.4579999981429685
-0.526,0.32214644298527934,0.4579999948747938
-0.524,0.32204828165429045,0.45799999876420144
-0.522,0.3219503241323131,0.45800000216775694
-0.52,0.3218525750102451,0.45799999267000124
-0.518,0.32175504227679347,0.4580000038775444
-0.516,0.32165772279840743,0.45799999344663983
-0.514,0.3215606121027484,0.45799999940659336
-0.512,0.3214637185330076,0.45799999036809297
-0.51,0.3213670277959762,0.4579999975425144
-0.508,0.32127054260910526,0.45799999452045065
-0.506,0.32117427434594187,0.4580000018442693
-0.504,0.32107821715031665,0.4579999983532974
-0.502,0.3209823558689639,0.4580000004252238
-0.5,0.3208867072090288,0.4580000008555122
-0.498,0.32079126708202943,0.4579999988730977
-0.496,0.32069602972342787,0.4580000064870232
-0.494,0.32060100516536894,0.4579999948918861
-0.492,0.32050617889522803,0.4579999974772948
-0.49,0.3204115524319062,0.4580000045952622
-0.488,0.32031713241593013,0.45800000154408393
-0.486,0.3202229151896053,0.45800000308908845
-0.484,0.3201289041654036,0.4579999944865495
-0.482,0.3200350930135644,0.45800000558812454
-0.48,0.31994148271876355,0.45800000644902955
-0.478,0.31984807322879755,0.4580000053725461
-0.476,0.3197548653287195,0.45799998982053375
-0.474,0.31966185718603957,0.45799999761965554
-0.472,0.3195690365630619,0.45799999845973155
-0.47,0.319476425268078,0.4579999941261376
-0.468,0.31938401075194645,0.45800001071532714
-0.466,0.3192917890725129,0.45799999655047346
-0.464,0.3191997687389257,0.45799999667876845
-0.462,0.3191079429092269,0.45800000240472794
-0.46,0.31901631713543965,0.45800000733622237
-0.458,0.3189248839533463,0.45800000277313563
-0.456,0.3188336459638141,0.4580000000250505
-0.454,0.3187425982493531,0.45799998836394135
-0.452,0.3186517428798025,0.45799999052922197
-0.45,0.31856108481256185,0.4580000050548419
-0.448,0.3184706185427641,0.4580000088416091
-0.446,0.31838034137304483,0.45800000627097415
-0.444,0.3182902542742337,0.45799999526650326
-0.442,0.31820036260825013,0.45799999838060973
-0.44,0.31811065639866665,0.4580000060283525
-0.438,0.31802115160174954,0.4580000063236903
-0.436,0.3179318208962575,0.4580000064479005
-0.434,0.3178426817487496,0.45800000152356385
-0.432,0.31775373570797855,0.45800000681988273
-0.43,0.31766497517100506,0.45800000336997
-0.428,0.3175764039770785,0.457999996842546
-0.426,0.3174880081477946,0.457999998449898
-0.424,0.31739981045594884,0.4580000014340718
-0.422,0.31731179532792747,0.45800000436051286
-0.42,0.31722395938163606,0.4579999931038619
-0.418,0.31713632039202655,0.4580000040513336
-0.416,0.3170488477570919,0.4579999976536748
-0.414,0.3169615740981922,0.4580000054396412
-0.412,0.3168744750705694,0.4580000052762128
-0.41,0.316787553625478,0.4579999969724115
-0.408,0.3167008255131299,0.45800000019637643
-0.406,0.3166142772439635,0.4579999972657402
-0.404,0.31652790056597974,0.45799999798147806
-0.402,0.31644170648797526,0.45800000114023026
-0.4,0.3163556932140122,0.45800000063856716
-0.398,0.3162698625693703,0.45799999406106
-0.396,0.3161842012096562,0.45799999178591827
-0.394,0.3160987336895608,0.4579999986779645
-0.392,0.31601343292718237,0.45799999859502144
-0.39,0.3159283128509752,0.45800000314383704
-0.388,0.3158433683248096,0.4580000044471982
-0.386,0.3157585923659428,0.4579999969694768
-0.384,0.31567400158922193,0.4579999984436138
-0.382,0.31558957726397263,0.4580000005689242
-0.38,0.3155053349365383,0.45799999791922597
-0.378,0.31542126303335327,0.4579999991100256
-0.376,0.3153373698775639,0.4579999980034849
-0.374,0.31525364096745656,0.4580000081826218
-0.372,0.3151700875037125,0.45800000265593266
-0.37,0.315086708261894,0.45799999454033424
-0.368,0.31500350419503925,0.45799999021267224
-0.366,0.31492046465561324,0.4579999994639143
-0.364,0.3148375941703613,0.457999997266883
-0.362,0.31475489661058775,0.4579999982389756
-0.36,0.3146723756379434,0.45800000556834314
-0.358,0.3145900148288329,0.4579999976527304
-0.356,0.31450782365440677,0.4580000015716703
-0.354,0.31442580378729224,0.4579999982361531
-0.352,0.314343955412028,0.457999987435179
-0.35,0.3142622662720643,0.45799998961439903
-0.348,0.31418074219761216,0.45800001109040034
-0.346,0.3140993961609868,0.457999999188897
-0.344,0.3140181964041393,0.4579999993446276
-0.342,0.31393717934956433,0.457999992533918
-0.34,0.3138563134536428,0.45800000274150166
-0.338,0.3137756241474084,0.45800000046509226
-0.336,0.31369509401969464,0.457999998563756
-0.334,0.31361472916282523,0.4579999891230747
-0.332,0.3135345249318022,0.45799999848196854
-0.33,0.31345448121973213,0.4579999989088177
-0.328,0.31337460358029984,0.45799999958300314
-0.326,0.3132948768915407,0.45800000271180047
-0.324,0.3132153297926376,0.4579999957773894
-0.322,0.3131359281019877,0.45800000076377734
-0.32,0.31305668777357354,0.45799999670947245
-0.318,0.31297760628511884,0.45800000393639767
-0.316,0.312898689187522,0.45800000042775
-0.314,0.3128199320442229,0.4579999932172988
-0.312,0.3127413259736682,0.45800000092809884
-0.31,0.31266288110093077,0.45799999819828663
-0.308,0.3125845991457575,0.4579999975208071
-0.306,0.3125064657766777,0.45800000621294995
-0.304,0.3124284852425263,0.4580000064858886
-0.302,0.3123506703534737,0.45800000472005203
-0.3,0.3122730033644794,0.45799999920016676
-0.298,0.31219549671422536,0.4580000110946223
-0.296,0.31211814098714313,0.45800000067998503
-0.294,0.3120409456865233,0.45799999944457215
-0.292,0.31196389372640854,0.45800000406208013
-0.29,0.3118870050349988,0.45799999865186425
-0.288,0.311810263161514,0.45799999593258806
-0.286,0.3117336666164047,0.45800000445879674
-0.284,0.31165723975851334,0.4579999992512448
-0.282,0.31158094704158223,0.4580000060221973
-0.28,0.31150480571916705,0.45799999653956575
-0.278,0.3114288243340757,0.4579999999460395
-0.276,0.3113529986178989,0.4579999948582113
-0.274,0.31127730950664056,0.4579999953444946
-0.272,0.3112017758983703,0.4579999970323537
-0.27,0.31112638844777224,0.45800000351279013
-0.268,0.31105114696922703,0.4580000078560638
-0.266,0.3109760543561168,0.45799999772696326
-0.264,0.3109011147205071,0.4580000013500058
-0.262,0.31082630782662524,0.4580000035192789
-0.26,0.31075166191971726,0.457999996550462
-0.258,0.31067715193203155,0.4579999994024775
-0.256,0.31060280067847346,0.45800000179302613
-0.254,0.3105285855452956,0.4579999988646648
-0.252,0.3104545184625362,0.45799999504958994
-0.25,0.3103805849775316,0.45800000477634334
-0.248,0.31030681165368545,0.4579999979040018
-0.246,0.3102331662412931,0.45800000497579163
-0.244,0.31015967897631663,0.45799999871959735
-0.242,0.3100863200256548,0.4580000053679381
-0.24,0.3100131142455298,0.45799999850244894
-0.238,0.3099400431115532,0.45799999609854875
-0.236,0.3098671081209271,0.45800000287057363
-0.234,0.3097943295172962,0.4579999994783794
-0.232,0.3097216837948522,0.4579999989803809
-0.23,0.30964917440208445,0.45800000569194815
-0.228,0.3095768064049158,0.4580000019460547
-0.226,0.3095045872521995,0.4579999978546174
-0.224,0.30943248658407235,0.45799999143580555
-0.222,0.3093605452344535,0.4579999996072927
-0.22,0.3092887250617469,0.458000001813959
-0.218,0.30921706065716276,0.4580000068149861
-0.216,0.30914551816388347,0.4579999962913041
-0.214,0.3090741167868739,0.45799999985371825
-0.212,0.3090028522936974,0.4579999999813067
-0.21,0.3089317269970599,0.4579999992464549
-0.208,0.30886073831807975,0.4580000024932894
-0.206,0.30878987145632186,0.4579999970026254
-0.204,0.30871915587903964,0.45799999531588187
-0.202,0.30864855595806656,0.4580000008688712
-0.2,0.3085781088785631,0.4579999981529874
-0.198,0.30850778918759536,0.4579999978850779
-0.196,0.30843760302045503,0.45799999821701604
-0.194,0.3083675425535161,0.4579999971337178
-0.192,0.30829761669253664,0.4580000054984059
-0.19,0.3082278230691236,0.45800000909057953
-0.188,0.3081581643957558,0.4579999985275043
-0.186,0.3080886402085029,0.4579999942884863
-0.184,0.30801923255982405,0.45799999653052903
-0.182,0.3079499668144304,0.458000003103894
-0.18,0.307880833364859,0.45800000094834564
-0.178,0.3078118237535009,0.45800000243716155
-0.176,0.30774294045156125,0.45799999462172314
-0.174,0.30767419405518037,0.45799999460753144
-0.172,0.30760556187045035,0.458000001086996
-0.17,0.30753707113153456,0.4579999955601656
-0.168,0.30746871098779693,0.45799999820351733
-0.166,0.3074004599582411,0.4579999973131087
-0.164,0.3073323495089153,0.4580000034225244
-0.162,0.30726436087559117,0.4580000008128429
-0.16,0.3071965043656872,0.4579999981634157
-0.158,0.3071287718477035,0.45799999876434866
-0.156,0.30706115080545354,0.4580000084884899
-0.154,0.306993669588245,0.4579999972334538
-0.152,0.3069263103203105,0.45799999742192077
-0.15,0.3068590735790138,0.4579999899949233
-0.148,0.30679195257304254,0.4579999985182469
-0.146,0.30672496209727845,0.4580000004080535
-0.144,0.3066580969822612,0.45799999889797444
-0.142,0.3065913514407916,0.4579999997229291
-0.14,0.30652472752334486,0.45799999456343604
-0.138,0.3064582294323559,0.4580000096199285
-0.136,0.30639184360977806,0.4579999994439965
-0.134,0.3063255883160628,0.4580000031707409
-0.132,0.30625944966885127,0.45800000397333707
-0.13,0.3061934293672631,0.4580000009521897
-0.128,0.3061275310668435,0.45799999928158897
-0.126,0.306061752385838,0.4579999853662145
-0.124,0.3059960994910556,0.45799999490928683
-0.122,0.3059305492738512,0.45800000076560116
-0.12,0.305865130416467,0.4579999967727179
-0.118,0.3057998257589922,0.45799999778916156
-0.116,0.30573464220359653,0.4580000063339862
-0.114,0.30566957511524073,0.4579999848619807
-0.112,0.30560461701077285,0.45800000119556267
-0.11,0.30553978597112774,0.4580000076626364
-0.108,0.30547506135218216,0.4579999959456841
-0.106,0.3054104607376671,0.4580000001352421
-0.104,0.3053459759957845,0.4579999960502296
-0.102,0.3052815958922202,0.4580000000545163
-0.1,0.3052173491181527,0.4579999956642336
-0.098,0.30515319688550496,0.45799999936513675
-0.096,0.305089167086554,0.4579999952207081
-0.094,0.3050252583210477,0.45799999412995984
-0.092,0.3049614502273192,0.4579999982677743
-0.09,0.3048977622063957,0.4580000052113953
-0.088,0.3048341905714613,0.45799999866826097
-0.086,0.30477072803689004,0.4579999996250379
-0.084,0.30470737081525834,0.4580000035744936
-0.082,0.3046441331612385,0.4580000048831099
-0.08,0.304581000603094,0.4579999963902519
-0.078,0.30451797713439654,0.45799999594613644
-0.076,0.3044550707016927,0.4579999979712419
-0.074,0.30439227647068956,0.45800001035264293
-0.072,0.3043295856293706,0.4580000028495962
-0.07,0.30426700958028907,0.4579999991783237
-0.068,0.30420453458420527,0.45800000692099435
-0.066,0.3041421774207297,0.45800000403109553
-0.064,0.3040799289626977,0.45800000006614655
-0.062,0.3040177795860544,0.4579999981149799
-0.06,0.30395573928402364,0.45800000285729514
-0.058,0.3038938157647369,0.4580000023072995
-0.056,0.30383199288362733,0.4579999997312626
-0.054,0.3037702819457678,0.45799999933960817
-0.052,0.30370867326330353,0.45799999781626066
-0.05,0.3036471673485842,0.45799999766096844
-0.048,0.30358577034389456,0.4579999935899725
-0.046,0.30352448142295807,0.4579999990503742
-0.044,0.30346329500281766,0.4580000021460545
-0.042,0.30340220794840006,0.4579999940530278
-0.04,0.3033412380552168,0.45800000363067034
-0.038,0.30328036574300066,0.458000000221713
-0.036,0.3032195968576768,0.45800000811270714
-0.034,0.30315892643792774,0.4580000023052449
-0.032,0.3030983660468719,0.4579999974824199
-0.03,0.3030379071827061,0.45799999217697684
-0.028,0.3029775414704504,0.45800000027049775
-0.026,0.3029172897125464,0.45799999927176394
-0.024,0.30285713878199555,0.4579999995526463
-0.022,0.3027970861041391,0.45800000474853286
-0.02,0.3027371353283024,0.45799999251481505
-0.018,0.3026772804764548,0.4580000001797381
-0.016,0.3026175357111765,0.45800000536354496
-0.014,0.30255788142625095,0.45800000354884346
-0.012,0.30249833363806605,0.4580000049415073
-0.01,0.3024388860595873,0.45800000052411616
-0.008,0.3023795307645585,0.4580000019559194
-0.006,0.30232028170031083,0.4579999978364554
-0.004,0.3022611189395701,0.4580000045399462
-0.002,0.3022020686263607,0.45799999251462936
0.0,0.30214311114986003,0.45799999959683324
0.002,0.3020842538236671,0.4579999912337005
0.004,0.30202548506105104,0.4580000142185201
0.006,0.3019668200347303,0.4580000002496308
0.008,0.30190824836133645,0.45800000510540645
0.01,0.3018497802529355,0.45799999772936634
0.012,0.3017914031535693,0.45799999862924906
0.014,0.30173311329358093,0.45799999866472674
0.016,0.3016749318563879,0.4579999950409425
0.018,0.30161684178435844,0.4580000050805007
0.02,0.301558845827709,0.45800000824525816
0.022,0.3015009386041515,0.4579999909784653
0.024,0.3014431332043847,0.45799999373707145
0.026,0.301385418348817,0.458000005717871
0.028,0.3013278023204652,0.4580000067077064
0.03,0.30127027477973134,0.4579999985828296
0.032,0.3012128318327916,0.45799999732364993
0.034,0.3011554958818352,0.4579999870714764
0.036,0.3010982421065151,0.4579999923690652
0.038,0.30104108690156595,0.4579999990153972
0.04,0.3009840193787938,0.45799999821412646
0.042,0.3009270529430164,0.457999994985838
0.044,0.3008701665389211,0.45799999719956824
0.046,0.3008133667243461,0.4579999993977136
0.048,0.30075666708640986,0.45799999714579864
0.05,0.3007000556382184,0.4579999955430993
0.052,0.30064353171001,0.4579999993590267
0.054,0.3005871027015903,0.4580000001191018
0.056,0.3005307517173131,0.45800000140313424
0.058,0.30047450016570243,0.4580000094451506
0.06,0.300418333063829,0.4580000062774401
0.062,0.3003622555474678,0.45799999772576566
0.064,0.30030626199700866,0.4580000018755583
0.066,0.30025036430973473,0.4580000021877486
0.068,0.30019454808980106,0.4580000011460562
0.07,0.3001388259101117,0.45799999829252963
0.072,0.30008318261762257,0.4579999977630302
0.074,0.30002762897076957,0.4580000063008025
0.076,0.2999721603991192,0.45800000020947423
0.078,0.2999167766745988,0.4580000028294318
0.08,0.2998614838419423,0.4579999955610872
0.082,0.2998062688045586,0.4579999927572662
0.084,0.29975114675508996,0.45800000374140126
0.086,0.2996961050876444,0.4579999963884603
0.088,0.2996411571001666,0.4579999979780246
0.09,0.2995862840523393,0.4580000051396498
0.092,0.29953149144132313,0.45800000094283394
0.094,0.2994767919772403,0.4579999972059771
0.096,0.2994221713715243,0.4580000027537392
0.098,0.2993676250704105,0.457999997037115
0.1,0.29931317802611823,0.4579999956251513
0.102,0.29925880435516305,0.4580000001216601
0.104,0.29920451934864256,0.45800000171294264
0.106,0.2991503044818997,0.45799999413084974
0.108,0.29909618675169725,0.4580000015519999
0.11,0.29904213591695655,0.4579999942414174
0.112,0.2989881765269583,0.4580000009191534
0.114,0.2989342947076753,0.458000001887816
0.116,0.2988804941466472,0.4580000012904969
0.118,0.29882677274214386,0.45800000618070486
0.12,0.2987731248912211,0.45799999785559065
0.122,0.29871956757367213,0.4580000005060759
0.124,0.29866609260740923,0.45800000626052007
0.126,0.298612685774823,0.4580000055216846
0.128,0.29855936205792893,0.45800000727122453
0.13,0.29850611315409187,0.4579999980404836
0.132,0.2984529482273451,0.4579999907232925
0.134,0.2983998627335016,0.45800000402608804
0.136,0.2983468483439258,0.4580000040944806
0.138,0.2982939207510665,0.45800000896409326
0.14,0.29824106542050527,0.45799998936972885
0.142,0.2981882872037266,0.4579999988381219
0.144,0.2981355852361682,0.45800001080394925
0.146,0.2980829636518739,0.4579999972720263
0.148,0.29803041172912104,0.45799999921270784
0.15,0.29797793486069407,0.4580000019384743
0.152,0.29792554634684826,0.45800000159266085
0.154,0.2978732202112087,0.4580000020793165
0.156,0.2978209734334042,0.4580000027853754
0.158,0.2977688030787897,0.4579999976320055
0.16,0.29771671092355056,0.45800000618420617
0.162,0.29766468642926563,0.4580000031897095
0.164,0.29761274110257047,0.4579999979367856
0.166,0.2975608644981703,0.45799999791344015
0.168,0.29750906555782675,0.4579999975203455
0.17,0.29745733929200757,0.4579999974239513
0.172,0.29740568113907523,0.4579999957737105
0.174,0.29735410393369166,0.45800000402971114
0.176,0.29730259749973614,0.45799999945599296
0.178,0.2972511589295131,0.4579999991167459
0.18,0.2971997959581664,0.4580000075973674
0.182,0.29714850152365757,0.4580000033032076
0.184,0.2970972803351311,0.4579999995254012
0.186,0.2970461323954837,0.45800000288506915
0.188,0.29699505668417964,0.4579999967898684
0.19,0.29694405098074556,0.4579999998294956
0.192,0.29689311549456965,0.45800000004141456
0.194,0.29684224383974883,0.4580000007210112
0.196,0.2967914510109137,0.4579999979082246
0.198,0.2967407241357077,0.457999997581669
0.2,0.2966900648635363,0.4580000001194191
0.202,0.2966394806750558,0.4580000005859542
0.204,0.29658896345158,0.45800000418850584
0.206,0.2965385146171795,0.45799999998438384
0.208,0.2964881288944753,0.4579999962004207
0.21,0.2964378210953012,0.4580000012498408
0.212,0.29638757045540204,0.4579999949984335
0.214,0.29633739792199976,0.4579999954810516
0.216,0.29628728633758117,0.45799999752635573
0.218,0.2962372434606962,0.4579999975682455
0.22,0.29618727048522914,0.45799999308370726
0.222,0.29613735676702985,0.45800000902485893
0.224,0.29608752077346095,0.4579999977555265
0.226,0.29603774427065593,0.45799999451043993
0.228,0.2959880389499236,0.458000003390916
0.23,0.29593839271957095,0.457999997987047
0.232,0.2958888120037009,0.45799999312420264
0.234,0.29583930284196813,0.4579999961442544
0.236,0.29578985210344444,0.4579999935057738
0.238,0.29574047630561967,0.4579999986805525
0.24,0.295691156093106,0.4579999947975764
0.242,0.2956419046368572,0.45799999323450025
0.244,0.29559271536539383,0.4580000062905194
0.246,0.29554359504791977,0.45799999823878557
0.248,0.29549453085613797,0.4579999955044019
0.25,0.2954455345945743,0.45800000974331145
0.252,0.2953965985430254,0.45799999878428554
0.254,0.2953477253682763,0.45799999925596485
0.256,0.29529891192109253,0.4579999978947343
0.258,0.2952501661972158,0.4580000039534494
0.26,0.2952014865714106,0.4579999933667255
0.262,0.295152863510544,0.4579999979760973
0.264,0.2951043029707736,0.4580000045939508
0.266,0.2950558062219852,0.4579999998207874
0.268,0.2950073699844006,0.4580000065109298
0.27,0.2949589993292397,0.4580000048855817
0.272,0.2949106778243347,0.45799999538589437
0.274,0.294862426162538,0.458000001031856
0.276,0.294814229779475,0.45799999817984977
0.278,0.2947660974911287,0.45799999774146316
0.28,0.2947180288962483,0.4580000008665447
0.282,0.29467000860088544,0.4579999950504438
0.284,0.29462205507391537,0.4579999956474407
0.286,0.2945741646224257,0.4579999995350864
0.288,0.29452632253627137,0.45799999563461097
0.29,0.2944785486141519,0.45800000604013685
0.292,0.2944308355365238,0.4580000008534875
0.294,0.2943831748907095,0.45800000201454943
0.296,0.2943355692283247,0.45800000267765917
0.298,0.29428802707207097,0.4580000033364385
0.3,0.2942405387012393,0.4579999973917056
0.302,0.2941931128706279,0.45800000502155847
0.304,0.2941457405860645,0.45799999942842673
0.306,0.2940984283303555,0.4579999968550674
0.308,0.294051172754616,0.4579999991835793
0.31,0.29400397489352004,0.4580000000296249
0.312,0.29395682847506377,0.4580000049180391
0.314,0.29390973931818076,0.4580000039281077
0.316,0.2938627081092907,0.4580000048701332
0.318,0.2938157337337698,0.45800000367389987
0.32,0.29376881086765194,0.45800000707928124
0.322,0.2937219458800837,0.45800000230361226
0.324,0.2936751332055177,0.45799999912781053
0.326,0.2936283840506661,0.45800000163081556
0.328,0.29358168282074826,0.45800000399917834
0.33,0.2935350382315432,0.45799999952792825
0.332,0.29348844254886225,0.4579999990149315
0.334,0.2934419089094675,0.45800000104472766
0.336,0.2933954158531455,0.4580000092554617
0.338,0.29334899461721253,0.45799999499852784
0.34,0.2933026175510117,0.45800000036477523
0.342,0.2932562929661833,0.4579999978694206
0.344,0.29321002394409584,0.45799999768766253
0.346,0.293163806519787,0.45799999741750325
0.348,0.29311763733463103,0.4579999942280391
0.35,0.2930715283485963,0.4580000033630927
0.352,0.29302546898482423,0.45799999594864504
0.354,0.29297946015847776,0.4579999973242182
0.356,0.29293349909497574,0.45799999617372084
0.358,0.29288760022489296,0.4580000001517921
0.36,0.29284174464595303,0.4579999987160215
0.362,0.2927959415757853,0.4580000076619659
0.364,0.2927501902970086,0.4579999917818042
0.366,0.2927044889103925,0.45800000508765076
0.368,0.2926588343491102,0.45800000932780244
0.37,0.2926132405584366,0.4580000052703426
0.372,0.2925676922021212,0.4579999965238041
0.374,0.29252218752549153,0.4580000035065599
0.376,0.2924767357676439,0.4580000009970389
0.378,0.2924313342351049,0.4579999972131028
0.38,0.2923859834031735,0.4579999999721848
0.382,0.29234068425729054,0.4580000023456848
0.384,0.2922954284957346,0.45800000214470754
0.386,0.2922502207123375,0.458000005357591
0.388,0.2922050681562852,0.45800000596825235
0.39,0.2921599610693217,0.45800000038751426
0.392,0.29211489307682176,0.4579999976293333
0.394,0.2920698802817177,0.4579999991185907
0.396,0.2920249256965493,0.45799999809632164
0.398,0.2919800061486158,0.45799999201638564
0.4,0.2919351374242543,0.4579999957516438
0.402,0.291890307989611,0.45800000620663883
0.404,0.29184553251148954,0.4580000003718358
0.406,0.29180080253112384,0.4580000038875609
0.408,0.2917561311559192,0.4579999968775066
0.41,0.29171149195951657,0.4579999899650416
0.412,0.291666892090486,0.4580000047261583
0.414,0.2916223507292301,0.4579999997381516
0.416,0.2915778540117694,0.4579999969194095
0.418,0.29153340004756934,0.45799999497474025
0.42,0.29148899463233297,0.45799998940831527
0.422,0.2914446357186214,0.45800000153137344
0.424,0.29140032141871225,0.45799999882890025
0.426,0.2913560497543551,0.45799999808248804
0.428,0.29131181916269916,0.4580000005601606
0.43,0.2912676302236848,0.45799999822457904
0.432,0.2912234905382491,0.45799999688572424
0.434,0.2911793986894574,0.4580000042265399
0.436,0.2911353446568673,0.4580000014953427
0.438,0.2910913383147061,0.4580000015807951
0.44,0.29104737900299743,0.4579999956702546
0.442,0.2910034511671865,0.45800000330229185
0.444,0.2909595749166141,0.45799999509264033
0.446,0.2909157470198781,0.4579999973526916
0.448,0.2908719454405682,0.4580000011151168
0.45,0.29082820242916635,0.4580000019444449
0.452,0.2907844950056971,0.45800000644880856
0.454,0.29074082430503684,0.4580000062073975
0.456,0.29069719987665094,0.458000003550446
0.458,0.29065362369106884,0.45799999832478255
0.46,0.29061008398458466,0.4580000011331912
0.462,0.290566586785771,0.4580000014449443
0.464,0.29052313287343645,0.4580000000719124
0.466,0.2904797101103718,0.4579999892425218
0.468,0.2904363401072565,0.4580000043427355
0.47,0.2903930053863699,0.45799999095516813
0.472,0.2903497070602077,0.4579999992367444
0.474,0.2903064518293669,0.45800000574167626
0.476,0.2902632450624406,0.45799999956965615
0.478,0.29022006725170907,0.4580000010175536
0.48,0.29017693596538796,0.45799998960858324
0.482,0.2901338435372904,0.45800000058171336
0.484,0.2900907881193974,0.45800000332016133
0.486,0.2900477698098472,0.45799999060527385
0.488,0.29000479723548495,0.4579999956039668
0.49,0.2899618559004458,0.45800000272155794
0.492,0.28991896353852653,0.45799999702802385
0.494,0.28987610463654656,0.457999995875274
0.496,0.28983328290533517,0.45799999962835647
0.498,0.2897904982930043,0.4579999951778701
0.5,0.28974775413420445,0.45800000876952657
0.502,0.28970504391839474,0.4579999952854665
0.504,0.2896623735952878,0.4579999957878233
0.506,0.2896197452866026,0.4580000005346827
0.508,0.2895771498315726,0.45800000461910023
0.51,0.2895345924376647,0.4580000066839757
0.512,0.28949207532545884,0.4579999985229749
0.514,0.2894495864861628,0.4579999979767535
0.516,0.2894071428653409,0.45799999287776916
0.518,0.28936472832131394,0.45800000465301927
0.52,0.28932236008233564,0.458000001629433
0.522,0.28928002671103753,0.4579999998870583
0.524,0.2892377224443027,0.45799999840686584
0.526,0.2891954531828763,0.4579999870900333
0.528,0.28915322786988473,0.45800000184426
0.53,0.28911103395314264,0.4579999968158084
0.532,0.28906887436205625,0.4580000021130344
0.534,0.28902675139325207,0.4579999987259475
0.536,0.28898466071036855,0.45800000269681196
0.538,0.2889426054023074,0.45800000212424824
0.54,0.2889005855551718,0.4579999944329931
0.542,0.28885860491509535,0.45800000208998054
0.544,0.2888166482576744,0.4579999930717955
0.546,0.2887747362677323,0.45799999725028356
0.548,0.2887328549069267,0.4579999942021172
0.55,0.288691004291163,0.45799999644567013
0.552,0.2886491896319216,0.45800000265528207
0.554,0.2886074059974421,0.4580000006017769
0.556,0.2885656579405461,0.45800000280115577
0.558,0.28852394152258404,0.45800001041037414
0.56,0.2884822622337775,0.4580000031185438
0.562,0.2884406190483221,0.45800000009371633
0.564,0.28839900149216013,0.4580000002283092
0.566,0.28835741174005997,0.458000004341589
0.568,0.2883158650497001,0.4579999978042257
0.57,0.2882743446732395,0.45799999997816143
0.572,0.2882328597345549,0.4579999976794518
0.574,0.2881914023686275,0.4579999995308282
0.576,0.2881499843379254,0.45800000082171427
0.578,0.2881085902985852,0.4580000006954474
0.58,0.28806723385472477,0.4580000077212178
0.582,0.2880258997585153,0.4580000031567168
0.584,0.28798460297357553,0.45800000176414496
0.586,0.28794333679623657,0.4580000045408754
0.588,0.2879021011622183,0.4580000021453626
0.59,0.2878608954268259,0.4580000011569449
0.592,0.2878197242657396,0.45800000342516034
0.594,0.28777857781426125,0.45800000321332507
0.596,0.2877374692274611,0.45799999938833275
0.598,0.28769638171321354,0.4579999984686567
0.6,0.287655328740898,0.45799999995933893
0.602,0.28761430567919416,0.4579999987346995
0.604,0.28757331105460704,0.4579999986063671
0.606,0.28753234164549213,0.4580000048041376
0.608,0.28749140538878976,0.4579999943091166
0.61,0.2874505000681567,0.457999995562664
0.612,0.2874096276027896,0.4579999937074096
0.614,0.2873687776820008,0.45799999584449985
0.616,0.28732795733614247,0.4579999975373342
0.618,0.2872871610752654,0.4579999954421598
0.62,0.28724640120235606,0.45800000119409406
0.622,0.28720566392297014,0.4580000064964943
0.624,0.28716495815312687,0.4580000003188231
0.626,0.28712427612627933,0.45800000480277325
0.628,0.28708363263490494,0.45799999928876456
0.63,0.28704300588107273,0.4579999950781329
0.632,0.28700240708696795,0.4579999853312931
0.634,0.286961836428087,0.4579999976547017
0.636,0.28692129683125633,0.45800000365544147
0.638,0.28688078699093844,0.45799999863301943
0.64,0.2868403013448122,0.4579999984674769
0.642,0.28679983523918234,0.4579999920996279
0.644,0.2867594039519585,0.4580000031278029
0.646,0.28671899512074556,0.4580000009240771
0.648,0.2866786217256491,0.4579999953471299
0.65,0.28663825641388474,0.457999988908205
0.652,0.2865979300651326,0.45799999400960134
0.654,0.28655762385416317,0.4580000011451896
0.656,0.2865173484701629,0.4580000026255733
0.658,0.28647709873210814,0.45799999520257517
0.66,0.2864368740407088,0.45799999684037457
0.662,0.28639666957378457,0.45799999471309966
0.664,0.286356499294578,0.45800000048793676
0.666,0.28631634277219714,0.4579999935602101
0.668,0.2862762242264866,0.45800001176572086
0.67,0.2862361205932663,0.45799999569480754
0.672,0.28619604469947374,0.4579999998018082
0.674,0.28615599561486676,0.458000003255714
0.676,0.28611596664989125,0.45800000293211257
0.678,0.28607596008195546,0.4580000131223485
0.68,0.28603598593889845,0.45800000886121156
0.682,0.2859960259314142,0.4579999984793482
0.684,0.2859561015051977,0.45799999163849797
0.686,0.28591618859070894,0.4579999975532843
0.688,0.2858762992187956,0.45800000093429455
0.69,0.28583644474911196,0.4579999999175312
0.692,0.2857966104540021,0.4579999954895448
0.694,0.2857567905835795,0.4580000106992273
0.696,0.2857170028452969,0.45800000059597495
0.698,0.2856772332108846,0.45800000275316144
0.7,0.2856374839044961,0.4580000025934953
0.702,0.2855977664264129,0.45800000489510395
0.704,0.28555806517893967,0.4580000005284274
0.706,0.28551838452523326,0.45799999450055406
0.708,0.28547873406016494,0.45799999819670106
0.71,0.28543910393433625,0.4580000040450372
0.712,0.2853994866305419,0.4579999980298667
0.714,0.2853598968088228,0.4579999983358183
0.716,0.28532032667145374,0.4579999967420995
0.718,0.2852807837852481,0.4579999950526109
0.72,0.2852412573933547,0.4580000009362649
0.722,0.2852017517933077,0.45799999690661175
0.724,0.28516226839693437,0.4580000060885518
0.726,0.2851228017527139,0.4579999987594734
0.728,0.28508335920049227,0.45799999252743845
0.73,0.28504394065024713,0.4579999973884302
0.732,0.28500454516664897,0.4580000044721612
0.734,0.2849651612081195,0.4579999968088251
0.736,0.2849258031962293,0.4580000025624619
0.738,0.2848864607417036,0.45800000151328846
0.74,0.28484714521235327,0.45799999273192565
0.742,0.28480785060263175,0.4579999987122229
0.744,0.2847685612998101,0.4579999987834243
0.746,0.2847293102132802,0.45800000048204514
0.748,0.2846900696207401,0.45800000065431057
0.75,0.28465084700746485,0.4580000021809386
0.752,0.28461164063412653,0.4580000062790584
0.754,0.28457246416180504,0.4580000011292153
0.756,0.28453329950694994,0.4579999993940395
0.758,0.28449415498695274,0.45800000462639817
0.76,0.284455037577307,0.4579999989017271
0.762,0.2844159226818685,0.4579999966815936
0.764,0.28437683779396644,0.458000008890493
0.766,0.28433777352710843,0.45800000186839895
0.768,0.28429871917616933,0.45799999315208484
0.77,0.2842596882586443,0.458000000157925
0.772,0.28422067162782566,0.4579999959747301
0.774,0.2841816784677169,0.4580000024846512
0.776,0.28414270041696077,0.4580000073224595
0.778,0.28410373858670235,0.4579999986873414
0.78,0.2840647943992664,0.4580000089351799
0.782,0.28402586768940435,0.45799999755005183
0.784,0.28398695855202866,0.45800000203900404
0.786,0.2839480623846933,0.4579999938803236
0.788,0.28390919106098644,0.4579999893882603
0.79,0.28387034069763617,0.45800000127107804
0.792,0.28383149383294337,0.4580000071141891
0.794,0.2837926752281923,0.4580000011342499
0.796,0.2837538652769967,0.4579999990541458
0.798,0.28371507806677027,0.4579999953857195
0.8,0.2836763011142405,0.4579999957797123
0.802,0.28363754478929953,0.4580000034106572
0.804,0.28359879869332416,0.45799999047829804
0.806,0.2835600812786174,0.45799999741649094
0.808,0.28352136845037346,0.4580000091957551
0.81,0.2834826722034922,0.4579999983676363
0.812,0.2834439988235228,0.45800000548903935
0.814,0.2834053329250478,0.45800000172662986
0.816,0.28336668628195205,0.4579999998379746
0.818,0.28332805600294314,0.45799999804411573
0.82,0.28328943679952145,0.45799999730068486
0.822,0.2832508410220278,0.45800000068070007
0.824,0.28321225324023275,0.4580000046070909
0.826,0.28317368801823384,0.45799999972992045
0.828,0.2831351288617581,0.45800000572398264
0.83,0.2830965837438117,0.4580000062684837
0.832,0.2830580603927843,0.4580000028926135
0.834,0.28301954598336393,0.4579999975040028
0.836,0.28298104787296735,0.45800000255439294
0.838,0.2829425646690622,0.4580000060699708
0.84,0.28290409737059025,0.457999998721059
0.842,0.2828656418626022,0.45800000013241365
0.844,0.2828271934683884,0.457999996445458
0.846,0.28278876955029264,0.45799999910144534
0.848,0.2827503542035869,0.45800000463519774
0.85,0.2827119546707865,0.45800000358228743
0.852,0.28267356447644304,0.45800000055993456
0.854,0.28263519245749347,0.4579999965094042
0.856,0.2825968282620613,0.4579999956113322
0.858,0.282558482115456,0.4580000002126388
0.86,0.28252014544572907,0.45799999391244
0.862,0.2824818260046484,0.45799999551719145
0.864,0.2824435134716302,0.45799999646748063
0.866,0.2824052171579125,0.457999993557554
0.868,0.2823669360599289,0.4580000022909041
0.87,0.28232865946631275,0.45800000445904643
0.872,0.2822904027594157,0.45800000304364713
0.874,0.28225215372320145,0.45800000188509793
0.876,0.2822139219590296,0.4579999944977332
0.878,0.28217569957110267,0.4579999950584904
0.88,0.2821374845119186,0.45800000737672875
0.882,0.2820992886175556,0.4579999988427765
0.884,0.28206110462826284,0.45799999594506946
0.886,0.2820229236337398,0.45800000151876286
0.888,0.2819847627159613,0.4579999952299496
0.89,0.28194661526754433,0.4580000071996763
0.892,0.2819084645251657,0.45799999013360554
0.894,0.28187034000434436,0.4579999940171291
0.896,0.2818322202275729,0.4579999984355829
0.898,0.2817941102643285,0.4580000025011753
0.9,0.28175601704357817,0.45800000065415886
0.902,0.2817179278256449,0.45799999102119043
0.904,0.2816798547677093,0.45799999972266636
0.906,0.2816417861551485,0.4579999968222446
0.908,0.2816037337314096,0.4579999897149232
0.91,0.2815656911828746,0.4579999999396045
0.912,0.2815276516649311,0.4580000001801868
0.914,0.28148962664860533,0.45800000271286545
0.916,0.28145161585103284,0.45800000275285735
0.918,0.2814136181473913,0.4580000023494997
0.92,0.28137562537432054,0.45800000245921796
0.922,0.28133763204843293,0.4579999956347033
0.924,0.2812996560410426,0.45800000492289694
0.926,0.28126169352956715,0.4579999991784938
0.928,0.28122374003556094,0.4580000037454455
0.93,0.2811857980651043,0.4579999955689348
0.932,0.28114786134470837,0.45799999974043043
0.934,0.2811099296226082,0.4579999972083838
0.936,0.28107201434589263,0.4580000032245058
0.938,0.2810341016275559,0.45799999693411475
0.94,0.2809962048032997,0.4580000052772766
0.942,0.28095830664130206,0.45799999999749796
0.944,0.2809204243957732,0.45800000608405333
0.946,0.2808825509961022,0.45800000295586146
0.948,0.280844687563331,0.45800000676673724
0.95,0.28080682205850754,0.45800000854301454
0.952,0.2807689766553801,0.4579999932061852
0.954,0.28073113189107807,0.45799999552123327
0.956,0.2806933033520928,0.4579999992850478
0.958,0.28065548104814486,0.45800000869606045
0.96,0.2806176613934958,0.4580000023016232
0.962,0.280579852096176,0.4579999982719971
0.964,0.28054205473828403,0.45800000774812016
0.966,0.28050426386640026,0.4579999990194153
0.968,0.28046646189332664,0.4579999964181258
0.97,0.2804286915040806,0.45800000278553576
0.972,0.2803909210122607,0.45800000245477945
0.974,0.28035315471233613,0.45800000542110025
0.976,0.2803153951996167,0.4580000006823657
0.978,0.28027764720896864,0.45800000071193425
0.98,0.2802399046439588,0.45800000039344996
0.982,0.2802021707300828,0.45800001037332194
0.984,0.28016443781933337,0.4580000003371179
0.986,0.2801267200772622,0.45800000473844443
0.988,0.2800889976890183,0.4580000024392517
0.99,0.2800512907344864,0.4579999956476542
0.992,0.2800135893908731,0.45799999938201097
0.994,0.2799758934007909,0.4580000009060719
0.996,0.27993819980853446,0.4580000004632645
0.998,0.2799005145489672,0.457999994994289
1.0,0.27986284067688233,0.45799999855804635
